2.5394
2.6997
2.8257
2.9283
2.9871
3.1246
3.1798
3.0448
2.9871
2.843
2.7812
2.8257
2.673
2.9283
2.843
2.9297
3.0462
3.1415
3.2341
3.1415
3.3984
3.2341
3.3614
3.1415
3.2725
3.3614
3.3984
3.3984
3.1415
3.2341
3.1811
3.3105
3.3105
3.3984
3.1798
3.1259
3.0856
3.0287
3.1643
2.9707
3.1488
3.0684
3.2411
3.0684
3.1488
3.1088
3.2795
3.2411
3.2795
3.2411
3.1088
3.2411
3.0684
3.1088
3.163
3.2023
3.2023
3.2795
3.2023
3.2411
3.2795
3.3173
3.2411
3.2795
3.1088
3.1882
3.1488
3.3173
3.2795
3.1882
3.1488
3.0537
3.1488
3.0537
3.0124
3.0124
3.1088
3.1488
3.1488
3.1488
3.0273
2.7635
2.7635
2.607
2.4897
2.3149
2.2384
2.4188
2.4188
2.2918
2.2918
2.1819
2.4188
2.6055
2.459
2.6898
2.5778
2.6898
2.8416
2.7358
2.8416
2.7797
2.762
2.8069
2.8243
2.8243
2.7178
2.8257
2.6546
2.7812
2.871
2.6086
2.8272
2.7649
2.8272
2.7649
2.8272
2.8696
2.9297
2.8696
2.9297
2.8257
2.8867
2.8696
2.8867
2.7012
2.673
2.37
2.7193
2.7012
2.8696
2.8083
2.9283
3.0523
3.2023
2.9961
3.0684
2.8083
2.9283
2.5882
2.6715
2.4188
2.459
2.2936
2.6715
2.4897
2.6898
2.7178
2.8416
2.6715
2.7973
2.439
2.5762
2.2602
2.6243
2.3131
2.6699
2.439
2.8416
2.5288
2.6898
2.3889
2.5778
2.5288
2.8416
2.5093
2.8416
2.5571
2.9269
2.7358
3.0273
2.7812
2.7797
2.653
2.2384
2.1819
1.9298
1.8639
2.1364
2.0771
2.0771
2.1819
2.2384
2.1819
2.1819
2.2818
2.1487
2.0046
2.2602
2.0046
2.2602
2.0046
2.2602
2.0897
2.3889
2.3569
2.3569
2.3776
2.1714
2.2818
1.8516
1.9434
2.0897
2.0897
2.1487
2.1487
2.0897
2.0046
1.918
2.2061
1.9434
2.1487
2.0067
2.3889
2.336
2.5587
2.262
2.5587
2.7178
2.7635
2.7635
2.7178
2.7178
2.6546
2.8525
2.9115
3.0523
3.093
3.0375
3.093
2.9961
2.9541
2.896
2.7908
2.5394
2.52
2.018
2.1942
2.0771
2.2721
2.3457
2.4699
2.6055
2.607
2.6055
2.5394
2.439
2.5394
2.2602
2.2384
2.1819
2.4699
2.439
2.5394
2.5587
2.8257
2.8853
3.0124
2.9283
2.8257
2.6715
2.8525
2.8257
3.0124
2.9283
2.9129
2.8257
3.0537
2.9707
3.0537
2.9707
3.0537
2.9707
3.0537
2.9707
3.0537
2.9707
3.0943
3.1088
3.2272
3.2411
3.3548
3.2795
3.3548
3.2795
3.4559
3.3321
3.093
3.1488
2.879
2.9961
2.9961
3.0523
2.8525
3.1088
2.9707
2.9707
2.8257
2.8257
2.9283
2.7812
3.0684
2.7812
2.7797
2.8243
3.0273
3.0273
3.0273
2.8853
2.7178
2.5093
2.2936
2.2936
2.1593
2.3457
2.3457
2.4188
2.5378
2.6715
2.8243
2.8853
2.9858
2.9022
2.7358
2.5778
2.5093
2.336
2.4897
2.5093
2.5093
2.5778
2.6258
2.7094
2.843
2.9036
2.945
2.9616
2.9871
3.0035
2.9022
3.0035
2.8867
2.9036
2.7987
2.9036
2.2836
2.7552
2.5304
2.6745
2.6745
2.7193
2.9297
2.8696
3.1101
2.8696
3.0287
2.7012
2.8696
2.7908
2.9541
2.9961
3.0684
3.0375
3.2795
3.1332
3.2023
3.212
3.1488
3.1728
3.2795
3.1188
3.1882
3.2506
3.3548
3.2889
3.3548
3.2889
3.3548
3.2889
3.3548
3.103
3.1332
2.7277
2.7277
2.45
2.5005
2.4699
2.5005
2.5394
2.636
2.6258
2.6546
2.7812
2.7012
2.8853
2.7635
2.8243
2.6815
2.8069
2.8682
2.8243
2.9707
2.9871
3.1643
2.9871
3.0287
2.8867
2.7012
2.8257
2.5882
2.673
2.5882
2.7812
2.607
2.7812
2.673
2.7812
2.4406
2.5587
2.3889
2.5778
2.336
2.1487
1.6824
1.653
2.2602
1.918
2.459
2.2818
2.5093
2.2042
2.5587
2.459
2.7358
2.7537
2.8257
2.7358
2.7358
2.7358
2.7635
2.7812
2.9871
2.8867
2.8867
2.9297
3.0287
3.0697
3.0287
3.0697
3.0287
3.0697
3.1643
3.2036
3.2036
3.2036
3.2036
3.2036
3.2036
3.3321
3.3321
3.4559
3.3321
3.4559
3.3694
3.4918
3.2424
3.3548
3.2424
3.2657
3.1101
3.2657
3.0697
3.2807
3.0697
3.4063
3.1643
3.4063
3.2944
3.3694
3.2944
3.2807
3.1643
3.0537
3.2036
3.2807
3.4195
3.4918
3.3321
3.4063
3.3321
3.5274
3.4918
3.4918
3.3173
3.5689
3.2657
3.4712
3.2657
3.6248
3.1345
3.5552
3.3321
3.5901
3.2036
3.5198
3.2944
3.5901
3.2036
3.435
3.2944
3.3839
2.9811
3.3321
2.8352
3.2562
2.6647
3.3321
2.9797
3.3972
2.9961
3.3984
3.0537
3.6027
3.1882
3.5198
3.0537
3.2944
3.5678
3.2795
3.6027
3.3321
3.4481
3.2956
3.4128
3.2048
3.3252
3.071
3.2353
3.071
3.0462
2.7208
2.905
2.6086
2.7373
2.4913
2.673
2.3682
2.5093
2.4205
2.7358
2.336
2.7537
2.0897
2.6444
2.1487
2.7552
1.9551
2.945
2.4897
3.3092
2.7178
3.324
2.7812
3.4492
2.8176
3.324
2.3889
2.8867
2.5304
3.1259
2.4607
2.8867
2.3889
3.1811
2.9464
3.1415
2.8602
2.8617
2.729
2.7373
2.5304
2.262
2.4607
2.5109
2.5497
2.8867
2.8162
3.0448
3.1015
3.1811
3.3614
3.1952
3.1015
2.9464
3.0856
2.9707
3.1101
3.1643
3.521
3.6847
3.752
3.6847
3.752
3.6847
3.752
3.6847
3.752
3.5689
3.5901
3.5901
3.7851
3.752
3.8945
3.752
3.9265
3.7851
4.075
3.6725
3.6798
3.4207
2.7112
2.5691
2.0919
2.5005
2.0313
2.3053
1.9064
2.52
1.9319
2.52
2.1044
2.607
2.0442
2.3166
1.6255
2.1837
1.7293
2.37
1.7293
2.4406
2.0442
2.7649
2.3906
3.0856
2.5602
2.972
2.6086
3.1259
2.6086
3.03
2.6561
2.8881
2.493
2.931
2.493
2.8881
2.493
2.8445
2.3906
2.8445
2.6086
2.9036
2.5778
2.8867
2.5602
2.9871
2.7812
2.8257
3.1246
3.2023
3.3456
3.1088
3.2023
3.0124
3.2562
3.0537
3.2562
2.8696
2.945
2.7193
3.0843
3.0124
3.2562
3.1088
3.308
3.2795
3.3827
3.1488
3.308
3.0124
3.2023
3.0124
3.0273
3.0684
3.0684
3.1488
3.2023
3.2411
3.2023
3.2795
3.2411
3.1088
3.0523
2.5882
2.6345
2.52
2.3984
2.3984
2.3457
2.4699
2.5866
2.7178
2.8243
2.9283
3.0273
3.0843
3.0273
2.7812
2.6715
2.7178
2.653
2.7635
2.7178
2.9283
2.9283
3.1259
3.1643
3.2189
2.9871
3.1259
2.9871
2.8867
2.7987
2.5602
2.6913
2.6258
2.5109
2.5093
2.6258
2.5587
2.7193
2.5093
2.673
2.3889
2.5602
2.3889
2.7193
2.607
3.0124
2.8682
3.1488
3.0111
3.2795
3.0111
3.2795
3.0111
3.2795
3.0111
3.2795
3.0111
3.2795
3.0111
3.1488
3.0111
3.1488
3.0111
3.0124
3.0111
3.0684
3.0111
3.1088
3.0111
3.163
2.8682
3.1088
2.9115
2.8853
2.653
2.7635
2.6055
2.7178
2.4897
2.5587
2.5093
2.7812
2.5093
2.6898
2.4076
2.6898
2.2818
2.6429
2.4076
2.4789
2.1468
2.4076
2.2264
2.4789
2.4076
2.6429
2.5762
2.6429
2.5762
2.6429
2.459
2.5288
2.2818
2.4789
2.2042
2.6715
2.3131
2.2164
2.2918
2.1364
2.3665
2.1006
2.2584
2.1468
2.1468
1.9413
1.7829
1.6064
1.5781
1.4968
1.3756
1.4609
1.4637
1.5441
1.3756
1.2427
1.6848
1.3756
1.7551
1.653
1.8516
1.4109
1.7829
1.3756
1.6391
1.6824
1.6391
1.4109
1.878
1.6824
2.0046
1.6824
2.0897
1.7829
1.8516
1.4968
1.7137
1.5292
1.9434
1.7551
2.1487
2.0046
2.5093
2.3149
2.8243
2.6055
2.7797
2.439
2.5093
2.2384
2.2384
2.018
2.018
1.8639
2.1593
2.2164
2.1025
2.5866
2.607
2.8682
2.7635
2.8069
2.9115
2.607
2.6546
2.3474
2.3474
2.3474
2.4716
2.4205
2.541
2.5882
2.7012
2.4716
2.541
2.2384
2.5109
2.3149
2.4406
2.1238
2.4406
2.2602
2.7635
2.5571
2.9283
2.6243
2.8257
2.6055
2.8257
2.7178
2.9297
2.6997
2.8696
2.8083
2.9961
2.9374
3.3694
3.1728
3.3694
3.1728
3.3694
3.1728
3.3694
3.1728
3.3694
3.1728
3.3321
3.0624
3.5198
3.9196
3.5776
3.7981
3.7064
3.8308
3.818
3.9389
3.8506
3.9706
3.9896
4.1175
3.915
4.0019
4.0518
4.2182
4.0208
4.1885
3.9458
4.1467
3.8379
4.0442
3.5286
3.752
3.444
3.6725
3.3333
3.3839
3.348
3.2956
3.5059
3.5059
3.5552
3.5552
3.3321
3.5198
3.3839
3.435
3.47
3.5198
3.5198
3.4841
3.3468
3.3468
3.3105
3.2725
3.5198
3.2725
3.3468
3.2189
3.2944
3.3092
3.2944
3.3827
3.2562
3.6495
3.1643
3.2712
2.8682
2.653
2.4699
2.2721
2.1364
2.2164
1.7681
2.2721
2.2936
2.7635
2.4897
2.8257
2.7812
2.9871
2.5587
2.7178
2.2384
2.6055
2.4188
2.653
2.439
2.5093
2.5093
2.6444
2.3889
2.4607
2.2061
2.3377
2.262
2.5109
2.4406
2.5109
2.5587
2.6258
2.6546
2.7193
2.4205
2.4406
2.2402
2.262
2.2402
1.918
2.1837
1.918
2.3149
2.018
2.3149
2.4188
2.6715
2.8069
2.9283
2.8243
2.5378
2.4699
2.5394
2.4897
2.4188
2.2164
2.3457
2.4188
2.5587
2.4699
2.6913
2.653
2.8257
2.7635
2.7987
2.6055
2.5587
2.4188
2.3149
2.3889
2.3889
2.3889
2.843
2.7812
2.7987
2.6715
2.9871
2.9283
3.1246
3.1088
2.9871
2.7635
2.8257
2.6546
2.653
2.5691
2.4699
2.3984
2.5866
2.3457
2.7178
2.439
2.8853
2.6715
3.1402
2.8853
3.2712
2.8853
3.0684
2.8511
3.1643
2.9115
3.2036
3.0124
3.2575
3.0124
3.3996
3.1101
3.521
3.2424
3.348
3.3333
3.348
3.3198
3.2436
3.1357
3.2048
3.1357
3.2048
3.1357
3.2436
3.1357
3.2436
3.1357
3.2436
3.0402
3.2436
3.1754
3.3706
3.305
3.3333
3.356
3.4207
3.5147
3.493
3.4789
3.4207
3.4789
3.457
3.4789
3.4207
3.356
3.4207
3.5976
3.658
3.5976
3.5059
3.4789
3.4207
3.4789
3.4207
3.4428
3.1895
3.1345
3.0943
3.1332
3.1728
3.0375
3.1332
3.0124
3.1488
3.0697
3.1643
2.7635
2.5882
2.6546
2.607
2.653
2.653
2.3665
2.6055
2.3665
2.653
2.3872
2.8853
2.6243
2.6913
2.5077
2.459
2.5077
2.7358
2.6243
2.8416
2.5762
2.8853
2.7797
3.1402
2.8416
2.7987
2.7797
2.8602
2.8243
2.6913
2.3872
2.2602
2.1006
2.3149
2.3149
2.1238
1.918
2.1257
2.2061
2.459
2.4805
2.5967
2.4805
2.6913
2.5587
2.607
2.6258
2.7193
2.673
2.7193
2.7826
2.6745
2.9477
3.0869
3.3105
3.1811
3.348
3.3105
3.348
3.348
3.4219
3.348
3.3851
3.348
3.2968
3.2201
3.3851
3.2587
3.3851
3.3851
3.3851
3.3851
3.507
3.507
3.507
3.6248
3.7389
3.7389
3.8496
3.8496
3.8496
3.8496
3.8819
3.8496
3.8496
3.7389
3.5765
3.5765
3.692
3.5765
3.7257
3.658
3.8496
3.8169
3.8819
3.8169
3.8496
3.8169
3.7721
3.8169
3.6248
3.5413
2.7569
3.2272
2.7112
3.1332
2.5985
3.1488
2.8179
3.2575
2.8352
3.1798
2.7908
3.1402
2.7012
3.1002
2.4406
2.8416
2.5093
2.9022
2.7358
2.7537
2.439
2.6444
2.6055
2.5288
2.1006
2.3872
2.1819
2.4076
1.5441
1.0219
0.83439
0.83439
0.59
0.83439
0.83439
1.0219
1.0219
1.3193
1.3193
1.3193
1.18
1.3193
1.3193
1.3193
1.0219
1.0219
1.0219
1.18
1.18
1.4452
1.3193
1.4452
1.3193
1.4452
1.3193
1.4452
1.3193
1.4452
1.3193
1.4452
1.3193
1.4452
1.3193
1.4452
1.3193
1.4452
1.3193
1.4452
1.3193
1.4452
1.3193
1.4452
1.4109
1.7113
1.6824
1.9413
1.7551
1.9413
1.7551
1.9413
1.7551
1.9413
1.7551
1.9413
1.7551
1.9413
1.7551
1.9413
1.7551
1.9413
1.7551
1.9413
1.7551
1.9413
1.7551
1.9413
1.7551
1.9413
1.7551
1.9413
1.7551
1.9413
1.7551
1.9413
1.7551
1.9413
1.7551
1.9413
1.7551
1.9413
1.7551
1.9413
1.7551
1.9413
1.7551
1.9413
1.7551
1.9413
1.7551
1.9413
1.7551
1.9413
1.7551
1.9413
1.7551
1.9413
1.653
1.8495
1.5441
1.7528
1.427
1.6505
1.5441
1.6505
1.653
1.7528
1.8516
1.9413
1.8516
1.9413
1.7829
1.7829
1.6064
1.2816
1.3193
1.3193
1.4452
1.4452
1.4452
1.7113
1.8102
1.8102
1.9039
1.9039
2.113
1.9685
2.055
1.9932
1.9932
2.055
2.1149
2.055
1.9932
2.305
2.2282
2.305
2.2836
2.031
1.9434
2.0916
2.2282
2.2282
2.3569
2.4805
2.5967
2.945
3.0435
3.1785
3.27
3.2176
3.163
3.2562
3.2562
3.2795
3.2411
3.3321
3.1643
3.2424
2.8525
3.1882
2.7908
2.8352
2.6815
2.6815
2.6815
2.6815
2.6345
2.5378
2.3457
2.4188
2.4188
2.3665
2.439
2.2602
2.5778
2.5093
2.7987
2.6715
2.8853
2.945
2.9283
3.0448
2.9871
2.9871
3.0287
3.0287
3.0856
3.0856
3.2353
3.2353
3.3626
3.3626
3.3626
3.3626
3.3626
3.3626
3.3626
3.3626
3.3626
3.3626
3.3626
3.3626
3.3626
3.3996
3.3626
3.521
3.4853
3.6383
3.435
3.507
3.4207
3.6248
3.5765
3.5765
3.658
3.5274
3.5274
3.5274
3.4918
3.4918
3.4559
3.4918
3.4559
3.4918
3.4559
3.4918
3.4559
3.4918
3.4559
3.4918
3.4559
3.4918
3.4559
3.4918
3.4559
3.4918
3.4559
3.4918
3.4559
3.4918
3.4559
3.4918
3.3321
3.3694
3.1488
3.1882
2.9541
2.9961
2.8511
2.9115
2.9115
2.9707
2.9283
3.1798
3.1798
3.1798
3.0843
3.1402
3.0035
3.0448
2.9283
2.8853
2.8853
2.9707
2.9707
2.9036
2.9871
3.0856
3.1643
3.1798
3.2176
3.0035
2.945
2.6258
2.459
2.459
2.3131
2.3569
2.0402
1.8495
1.98
1.8516
2.4497
1.7829
1.7421
1.0219
1.3193
1.4109
1.9685
1.878
2.1938
2.1714
2.6358
2.3793
2.8081
2.2836
2.3776
1.9159
2.3032
1.9159
2.2264
2.0046
1.9159
2.2836
2.1487
2.4296
2.4093
2.4805
2.411
2.6629
2.6913
2.5288
2.5587
2.5967
2.4406
2.5304
2.1611
2.1257
1.9572
2.5602
2.5602
2.8867
2.8445
2.9464
3.1259
3.3105
3.3851
3.3105
3.3851
3.2201
2.9975
2.8696
2.4533
2.1172
2.1044
2.0573
2.1025
2.2739
2.3682
2.5707
2.7812
2.9555
3.0287
3.0389
3.1259
3.1345
3.0697
2.9388
2.3796
2.4824
2.196
2.307
2.3282
2.6189
2.7471
2.7923
3.0138
3.0138
3.0138
3.1895
3.1895
3.2285
3.0138
3.2285
2.7471
2.9811
2.9975
3.0797
3.2048
3.3198
3.2436
3.3198
3.2436
3.3198
3.2436
3.3572
3.3706
3.3572
3.3186
3.2285
3.1741
3.0956
3.0389
3.055
3.055
3.2436
3.1114
3.1501
3.1101
3.0124
2.9129
2.8696
3.1088
2.9707
3.3321
3.1882
3.47
3.5198
3.5901
3.5413
3.5552
3.6714
3.5901
3.5413
3.4918
3.4918
3.5765
3.5901
3.6248
3.5413
3.6248
3.5765
3.5901
3.5413
3.5552
3.5413
3.5552
3.5413
3.5552
3.5059
3.5552
3.5059
3.5901
3.5413
3.6248
3.5413
3.5901
3.3694
3.457
3.3694
3.457
3.4063
3.5765
3.5274
3.692
3.5627
3.692
3.5627
3.692
3.5627
3.692
3.5627
3.8169
3.5274
3.658
3.5274
3.5274
3.3919
3.4918
3.3919
3.4918
3.3919
3.4918
3.3919
3.4918
3.3919
3.4918
3.3919
3.4918
3.3919
3.4559
3.4918
3.3173
3.3173
3.3173
3.3173
3.3173
3.3173
3.3173
3.3173
3.3173
3.3173
3.3173
3.3173
3.3173
3.3173
3.3173
3.3173
3.3173
3.3173
3.3173
3.3173
3.3548
3.3173
3.3548
3.3173
3.3548
3.3173
3.3173
2.5778
2.3889
2.5778
2.336
2.336
2.0661
2.2818
2.0046
2.2264
2.0046
1.9413
1.6824
1.6824
1.6824
1.9413
2.0046
1.98
2.8083
3.2807
3.2424
3.4712
3.2272
3.493
3.2272
3.3694
3.2807
3.2807
3.2424
3.5689
3.423
3.2587
3.654
3.5701
3.7991
3.812
4.306
3.8564
3.7991
3.876
3.811
3.752
3.3996
3.3931
3.3252
3.2506
3.1811
2.8633
3.4841
3.3414
3.8553
3.8447
4.1873
3.6736
4.0007
3.8191
3.9377
3.2285
3.5349
3.1201
3.376
3.0227
3.6652
3.0969
3.698
3.3345
3.9127
3.4008
3.5625
3.2981
3.3772
3.0151
3.8817
3.4008
3.772
3.606
3.772
3.1285
3.5625
2.5602
3.0048
2.931
3.2874
2.7373
3.1415
2.8725
3.8943
3.2061
3.9069
3.1571
3.1964
2.8272
2.9297
2.607
2.8083
2.8083
3.1259
3.2048
3.2504
2.8257
2.4205
1.0219
1.0219
0.83439
0.83439
0.59
0.59
0.59
0.59
1.2993
1.427
1.3365
1.3365
1.4609
1.4609
1.6064
1.6064
1.3193
1.3193
1.18
1.18
1.18
1.18
1.18
1.18
1.18
1.3193
1.18
1.3193
1.561
1.561
1.9039
1.6688
2.0787
1.8657
1.9932
1.6688
1.9316
1.8657
1.77
1.561
1.5292
1.561
1.8102
1.9039
2.3262
2.2718
2.6812
2.3776
2.5689
2.5967
2.7275
2.7079
2.8773
2.9616
2.9616
2.843
2.8602
2.9871
2.9616
2.9871
3.1002
2.945
2.9616
2.843
2.945
3.0287
2.945
2.9871
2.7973
3.0124
3.1246
2.7908
3.0684
2.5005
2.762
2.6815
3.2023
2.8946
3.3602
3.1088
3.3972
3.1643
3.6027
3.2424
3.4841
3.1882
3.4195
3.1728
3.47
3.2272
3.5552
3.3186
3.7185
3.493
3.6038
3.2424
3.3984
3.2424
3.3984
3.2424
3.4841
3.2956
3.5689
3.3333
3.5689
3.2956
3.5689
3.4207
3.1643
2.6997
2.079
2.2384
1.8661
1.9936
2.079
2.1006
2.2936
1.8901
2.2384
2.1819
2.439
2.6055
2.439
2.2602
1.8901
2.1006
2.1819
2.0422
2.1257
1.9159
1.98
1.825
2.1837
2.2042
2.2818
2.336
2.3889
2.459
2.459
2.5093
2.5093
2.5093
2.5093
2.0897
2.3149
1.8516
2.2061
1.878
2.2061
1.9434
2.262
2.0897
2.336
2.2818
2.5587
2.3872
2.3872
2.2042
2.3149
2.2384
2.4897
2.3872
2.2602
2.1238
2.3149
2.3342
2.6055
2.3342
2.6055
2.5762
2.8243
2.7344
2.9707
2.8243
2.8511
2.8243
3.0124
2.9115
2.9541
2.8511
2.9374
3.0124
3.1488
2.9541
2.9541
2.9961
2.9541
2.9961
2.9541
2.9961
2.9541
2.9961
2.9541
2.9961
2.9541
2.9961
2.9541
2.9961
2.9541
3.0375
2.9961
3.0375
3.0375
3.0784
3.0375
3.1188
3.1188
3.2506
3.2506
3.2506
3.2506
3.2506
3.2506
3.2506
3.2506
3.2506
3.2506
3.2506
3.2506
3.2506
3.103
3.2889
4.1165
4.032
3.9695
4.032
3.9695
3.8819
3.9695
3.8819
3.9695
3.8819
3.9695
3.8819
3.9695
3.8819
3.9695
3.8819
3.9695
3.7257
3.9379
3.7257
3.7841
3.692
3.8169
3.7257
3.8169
3.7257
3.8169
3.7257
3.9379
3.7257
3.9379
3.692
3.7841
3.658
3.7841
3.658
3.7509
3.6237
3.7174
3.6237
3.7174
3.589
3.554
3.554
3.3827
3.3827
2.4789
2.4789
2.2818
2.2264
2.0046
1.9413
1.6824
2.2818
2.4789
2.2818
2.2818
2.0046
2.0046
1.9413
1.9413
2.0661
2.3682
2.7923
3.3092
3.2048
3.2048
3.6049
3.2587
3.6663
3.3117
3.6796
3.2737
3.3638
2.9898
3.0869
3.1656
3.071
2.972
2.871
2.2739
2.8272
2.7471
3.2956
3.1101
3.4853
3.1101
3.5563
3.4712
3.5425
3.1488
3.1501
2.8083
3.0943
2.9115
3.1656
2.9707
3.1101
3.1415
3.6518
3.1811
3.6174
3.1798
3.3252
3.0856
3.2189
3.1246
3.2725
3.1656
3.47
3.3626
2.8539
2.972
2.4001
2.7012
2.4716
2.4001
1.9064
2.52
2.2182
1.0219
1.0219
1.0219
0.83439
0.83439
0.59
0.59
0.59
0.59
1.427
1.3365
1.3365
1.4609
1.5756
1.6064
1.4941
1.18
1.18
1.18
1.18
1.0219
1.4452
1.4452
1.7113
1.4452
1.8102
1.4452
1.9039
1.6688
1.8393
1.6688
1.4452
1.5292
1.5292
1.6391
1.5292
1.878
1.878
1.9039
1.9932
1.9932
1.9039
1.9039
1.9932
1.9932
1.9685
1.878
1.8516
2.0641
2.1238
2.2602
2.1025
2.2602
2.3149
2.5587
2.5602
2.7987
2.7373
3.0035
2.9885
3.1402
2.8867
2.8416
2.673
2.6715
2.5602
2.459
2.336
2.336
2.5304
2.4093
2.336
2.4093
2.5778
2.8602
2.945
3.1002
2.7812
3.1002
2.8867
3.1952
2.673
2.945
2.6546
3.0448
2.7826
3.1571
2.8696
3.2874
3.1101
3.4492
3.2036
3.5337
3.2807
3.6847
3.3694
3.6506
3.2807
3.5689
3.4063
3.6847
3.2272
3.5198
3.0943
3.3984
2.9555
3.2725
2.972
3.2874
2.972
3.5337
3.2036
3.7306
3.3321
3.7174
3.554
3.6237
3.2411
3.4195
3.2562
3.5901
3.1882
3.4207
3.2944
3.457
3.3321
3.5765
3.2944
3.5765
3.4195
3.5765
3.4195
3.5765
3.4195
3.5765
3.4195
3.5765
3.4195
3.5765
3.4195
3.5765
3.2944
3.4063
2.9115
3.0375
2.7457
2.9797
2.52
1.3395
1.2427
0.83439
0.97273
0.83439
0.97273
1.0219
1.1377
1.3193
1.4109
1.3193
1.4109
1.3193
1.4109
1.3193
1.4109
1.0219
1.1377
1.18
1.2816
1.4452
1.5292
1.4452
1.5292
1.4452
1.5292
1.4452
1.5292
1.4452
1.5292
1.4452
1.4452
1.4452
1.4452
1.4452
1.4452
1.4452
1.4452
1.4452
1.4452
1.4452
1.4452
1.4452
1.4452
1.7113
1.7113
1.9413
1.9413
1.9413
1.9413
1.9413
1.9413
1.9413
1.9413
1.9413
1.9413
1.9413
1.9413
1.9413
1.9413
1.9413
1.9413
1.9413
1.9413
1.9413
1.9413
2.0046
1.9413
2.0046
1.9413
2.0046
1.9413
2.0046
1.9413
2.0046
1.9413
2.0046
1.9413
2.0046
1.9413
2.0046
1.9413
2.0046
1.9413
2.0046
1.9413
2.0046
1.9413
2.0046
1.9413
2.0046
1.9413
2.0046
1.9413
2.0046
1.9413
2.0046
1.9413
2.0046
1.9413
2.0046
1.9413
2.0046
1.9413
2.0046
1.9413
2.0046
2.0046
2.0046
2.0046
2.0046
2.0046
1.6824
2.0046
2.4789
2.0661
2.2264
2.0046
1.9413
1.7551
2.4789
3.1332
3.3548
3.212
3.1728
3.3548
3.1728
3.1728
3.1332
3.2411
3.692
3.5976
3.5976
3.692
3.4285
3.692
3.4285
3.692
3.4285
3.658
3.3919
3.692
3.3919
3.658
3.3548
3.6237
3.3173
3.6237
3.3173
3.6237
3.3548
3.6237
3.3548
3.6237
3.3548
3.6237
3.3548
3.6237
3.3548
3.6237
3.3548
3.6237
3.3548
3.6237
3.3548
3.6237
3.3173
3.6237
3.1882
3.6237
3.3173
3.6237
3.3173
3.6237
3.3173
3.589
3.3173
3.589
3.3173
3.4195
3.3827
3.2023
3.3456
3.163
2.9858
2.4076
2.2264
2.0046
1.9413
2.6055
2.8083
3.0375
3.3468
3.2575
3.3186
3.6931
3.4428
3.7389
3.2132
3.7389
3.4285
3.7257
3.4648
3.765
3.6394
3.7064
3.5436
3.5425
3.6259
3.5987
3.4075
3.4942
3.6858
3.3706
3.1669
3.2436
3.6185
3.8633
3.9456
3.8886
3.7459
3.5436
3.521
3.493
3.5701
3.3851
3.778
3.7791
3.3996
3.3345
3.5005
3.5425
3.792
3.7661
3.5349
3.2587
2.7649
1.7425
1.2026
1.427
1.1992
0.92092
0.92092
0.59
0.59
0.77337
0.97273
1.2394
1.09
1.09
1.3727
0.83439
0.83439
0.59
0.59
0.83439
0.83439
1.0219
1.0219
1.18
1.3727
1.7113
1.9413
1.9413
2.2264
2.1468
2.2042
2.2818
2.2818
2.2818
2.336
2.4093
2.4093
2.5497
2.5983
2.5983
2.7552
2.7552
2.7552
2.7552
2.7552
2.7552
2.8002
2.8002
2.8002
2.8002
2.8445
2.9464
2.8445
2.8445
2.9885
2.9885
3.03
3.1259
3.2575
3.3468
3.4207
3.5059
3.5059
3.589
3.658
3.6237
3.6237
3.589
3.5413
3.5059
3.658
3.5059
3.658
3.47
3.658
3.47
3.658
3.554
3.658
3.589
3.658
3.554
3.658
3.589
3.5413
3.47
3.4207
3.3468
3.2424
3.1643
3.1488
3.0273
3.0523
2.8069
3.0111
2.762
2.6345
2.8243
2.6345
2.6055
2.4699
2.3665
2.1593
1.8639
1.7979
1.2026
0.92092
0.92092
0.97273
0.92092
0.77337
1.0937
0.77337
0.92092
0.97273
1.2427
1.4609
1.5441
1.8227
1.8901
2.1238
2.2602
2.1819
2.3149
2.2602
2.3889
2.336
2.3889
2.3149
2.4607
2.1487
2.2061
2.0916
2.2061
1.727
0.59
1.2993
1.2993
1.2993
1.2993
1.2993
1.1992
1.3365
1.3365
1.3365
1.3727
1.3727
1.0219
0.59
1.18
0.83439
1.0219
1.3727
1.4941
1.9413
1.9413
2.113
2.029
1.878
1.878
1.6391
1.6391
1.5292
1.5292
1.6391
1.9685
1.906
1.9685
2.2501
2.3569
2.4296
2.3569
2.5481
2.3032
2.4296
2.4607
2.5304
2.4093
2.6913
2.673
2.8867
2.9283
3.1643
2.9707
3.1643
3.1088
3.2036
3.1488
3.2424
3.1488
3.3694
3.2795
3.4918
3.2795
3.4918
3.2795
3.4918
3.2795
3.4918
3.2795
3.4918
3.2795
3.4918
3.2795
3.4918
3.1488
3.3694
3.0124
3.2424
2.8696
3.1101
2.8257
3.0697
2.8257
3.0287
2.7812
3.1643
2.9283
3.2944
3.0273
3.2562
3.0273
3.2562
3.0684
3.2944
3.0684
3.2944
3.1088
3.3321
3.1088
3.3321
3.1488
3.3694
3.2795
3.4918
3.2795
3.4918
3.2795
3.4918
3.2795
3.4918
3.2795
3.4918
3.2795
3.4559
3.2795
3.3173
3.2411
3.2795
3.093
2.7178
2.0661
2.2818
2.0046
2.0661
1.6824
2.0046
1.6824
3.0624
4.0009
4.032
3.692
4.0009
3.658
3.8945
3.6714
4.0131
3.8298
4.0563
3.8426
3.906
3.8866
3.7185
3.7769
3.2944
3.1785
2.7457
3.1798
2.9283
3.2328
2.9871
3.324
3.2341
3.6298
3.4338
3.6162
3.4841
3.6298
3.3092
3.4982
3.2944
3.4481
3.3468
3.5337
3.435
3.698
3.5552
3.698
3.5552
3.698
3.5552
3.698
3.5552
3.8099
3.6714
3.9186
3.6714
3.9186
3.6714
3.9186
3.6714
3.9186
3.6714
3.9186
3.6714
3.9504
3.6372
3.8298
3.589
3.8169
3.7509
3.692
3.589
3.5274
3.4918
3.5274
3.3548
3.6237
3.212
3.4559
3.1728
3.4195
3.1728
3.4195
3.1728
3.4195
3.1728
3.4195
3.1728
3.4195
3.1728
3.4195
3.1728
3.4195
3.1728
3.554
3.1728
3.554
3.0375
3.4338
3.0375
3.3092
2.896
3.0287
2.683
2.9283
2.52
2.6997
2.3984
2.5866
2.3984
2.45
2.2918
2.4699
2.1593
2.4699
2.1006
2.4897
2.0661
2.3889
2.0897
2.1257
2.0897
2.0067
2.0897
2.0067
2.029
1.9434
2.113
2.031
2.3776
2.1149
2.4497
2.1957
2.5879
2.295
2.2179
2.0197
1.8657
1.9568
1.8393
1.8657
2.0787
2.1608
2.2501
2.3471
2.6155
2.5197
2.5002
2.6171
2.5002
2.5689
2.4805
2.5983
2.4607
2.5587
2.4897
2.1942
2.1942
2.2504
2.3265
2.1153
2.2721
2.1153
2.3474
2.1383
2.2936
2.079
2.018
1.6983
2.018
1.6983
2.0422
1.2394
0.92092
0.5
0.92092
0.5
0.59
0.83439
0.83439
0.83439
0.59
0.83439
0.83439
1.0219
1.0219
1.3193
1.3193
1.3193
1.18
1.3193
1.3193
1.3193
1.0219
1.0219
1.0219
1.18
1.18
1.4452
1.3193
1.4452
1.3193
1.4452
1.3193
1.4452
1.3193
1.4452
1.3193
1.4452
1.3193
1.4452
1.3193
1.4452
1.3193
1.4452
1.3193
1.4452
1.3193
1.4452
1.3193
1.4452
1.4109
1.7113
1.6824
1.9413
1.7551
1.9413
1.7551
1.9413
1.7551
1.9413
1.653
1.8495
1.5441
1.7528
1.3365
1.7528
1.4609
1.8495
1.5756
1.9413
1.7829
2.029
1.6824
1.9413
1.7829
2.029
1.5756
1.8495
1.5756
1.8495
1.6824
2.029
1.7829
2.029
1.7829
2.029
1.7829
2.029
1.7829
2.029
1.7829
2.029
1.7829
2.029
1.7829
2.029
1.7829
2.029
1.7829
2.029
1.7829
2.029
1.7829
2.029
1.8516
2.0897
2.0661
2.2818
2.1257
2.2818
2.1257
2.2818
2.1257
2.2818
2.1257
2.2818
2.1257
2.2818
2.1257
3.093
3.3173
3.3173
2.9961
3.0375
2.8525
2.9388
2.7471
2.8367
2.7012
2.7923
2.7012
2.7471
2.5882
2.636
2.52
2.636
2.52
2.5882
2.5394
2.4913
2.607
2.6546
2.7635
2.8083
2.9115
2.9541
2.9541
2.9961
2.7457
2.7908
2.636
2.683
2.5216
2.4516
2.5691
2.5005
2.5005
1.9298
1.1377
0.97273
0.97273
0.77337
0.97273
0.97273
1.1377
1.2816
1.4109
1.4109
1.4109
1.4109
1.4109
1.4109
1.4109
1.1377
1.0219
1.18
1.18
1.3193
1.4452
1.4452
1.4452
1.4452
1.4452
1.4452
1.4452
1.4452
1.4452
1.4452
1.4452
1.4452
1.4452
1.4452
1.4452
1.4452
1.4452
1.4452
1.4452
1.4452
1.4452
1.4452
1.4452
1.7113
1.7113
1.9413
1.9413
2.0046
1.9413
2.0046
1.9413
2.0046
1.9413
2.0046
1.9413
2.0046
1.9413
2.0046
1.9413
2.0046
1.9413
2.0046
1.9413
2.0046
1.9413
2.0046
1.9413
2.0046
1.9413
2.0046
1.9413
2.0046
1.9413
2.0046
1.9413
2.0046
1.9413
2.0046
1.9413
2.0046
1.9413
2.0046
1.9413
2.0046
1.9413
2.0046
1.9413
2.0046
1.9413
2.0046
1.9413
2.0046
1.9413
2.0046
1.9413
2.0046
1.9413
2.0046
1.9413
2.0046
1.9413
1.9159
1.8495
1.8227
1.8495
1.8227
1.8495
1.9159
1.9413
2.0046
1.9413
1.6824
1.6824
2.029
1.6064
1.6064
1.3193
1.18
1.3193
1.3193
1.3193
1.3193
1.3193
1.18
1.3193
1.18
1.3193
1.3193
1.4452
1.4452
1.8102
1.9039
2.113
2.029
2.3032
2.3032
2.2818
2.2042
2.2818
2.2042
2.336
2.336
2.5093
2.5778
2.7812
2.7812
3.0684
3.0684
3.2023
3.1088
3.2411
3.1488
3.2411
3.1488
3.2411
3.1488
3.2411
3.1488
3.2411
3.1488
3.2411
3.1488
3.2411
3.1488
3.2795
3.1882
3.3173
3.1882
3.2272
2.9388
3.1345
2.7923
2.9975
2.7471
2.9555
2.7471
2.9129
2.636
2.8083
2.5882
2.7457
2.52
2.6997
2.4699
2.7635
2.5394
2.9707
2.7635
3.1088
2.9115
3.1488
2.8083
3.0124
2.6546
2.8083
2.4716
2.6546
2.5216
2.6546
2.5691
2.7457
2.5005
1.8374
1.2026
1.3727
1.0937
1.5415
1.0937
1.3727
1.2427
1.6064
1.7551
1.9413
1.4109
1.3193
1.3193
1.3193
1.18
1.0219
1.0219
1.18
1.18
1.3193
1.4452
1.4452
1.4452
1.4452
1.4452
1.4452
1.4452
1.4452
1.4452
1.4452
1.4452
1.4452
1.4452
1.4452
1.4452
1.4452
1.4452
1.4452
1.4452
1.4452
1.4452
1.4452
1.5292
1.7113
1.7829
1.9413
2.0046
2.0046
2.0046
2.0046
2.0046
2.0046
2.0046
2.0046
2.0046
2.0046
2.0046
2.0046
2.0046
2.0046
2.0046
2.0046
2.0046
2.0046
2.0046
2.0046
2.0046
2.0046
2.0046
2.0046
1.9159
1.9159
1.8227
1.9159
1.8227
1.9159
2.1819
2.2602
2.2602
2.336
2.2042
2.2042
2.0046
2.0897
2.0046
2.0046
1.9159
1.9159
1.9159
2.0897
2.0046
2.0897
2.0046
2.0897
2.0046
2.0897
2.0046
2.0897
2.0046
2.1487
2.0046
2.0897
2.0046
2.0897
2.0046
2.0897
2.0046
2.0897
2.0046
2.0897
1.9413
1.7829
1.878
2.7812
3.0048
2.9297
3.2341
3.3092
3.2725
3.3468
3.3984
3.3839
3.435
3.4207
3.435
3.4207
3.435
3.4207
3.435
3.4207
3.435
3.4207
3.435
3.4207
3.435
3.457
3.5552
3.5765
3.6714
3.692
3.7841
3.7257
3.7841
3.7257
3.7841
3.7257
3.7841
3.7257
3.7841
3.6112
3.6714
3.356
3.5552
3.2285
3.435
3.1895
3.2036
3.1345
3.1488
3.0375
2.8511
2.8179
2.9115
2.879
3.0684
3.0943
3.1798
3.1501
3.3092
3.2807
3.3468
3.3186
3.1643
3.0784
3.1488
2.9975
3.0124
2.8098
2.896
2.7649
2.6173
2.636
2.5882
0.97273
1.0219
0.83439
0.83439
0.83439
0.83439
1.0219
1.0219
1.3193
1.3193
1.3193
1.3193
1.3193
1.3193
1.3193
1.3193
1.0219
1.0219
1.18
1.18
1.4452
1.4452
1.4452
1.4452
1.4452
1.4452
1.4452
1.4452
1.4452
1.4452
1.4452
1.4452
1.4452
1.4452
1.4452
1.4452
1.4452
1.4452
1.4452
1.4452
1.4452
1.4452
1.4452
1.4452
1.7113
1.7113
1.9413
1.9413
1.9413
1.9413
1.9413
1.9413
1.9413
1.9413
1.9413
1.9413
1.9413
1.9413
1.9413
1.9413
1.9413
1.9413
1.9413
1.9413
1.9413
1.9413
1.9413
1.9413
1.9413
1.9413
1.9413
1.9413
1.9413
1.9413
1.9413
1.9413
1.9413
1.9413
1.9413
1.9413
1.9413
1.9413
1.9413
1.9413
1.9413
1.9413
1.9413
1.9413
1.9413
1.9413
1.9413
1.9413
1.9413
1.9413
1.9413
1.9413
1.9413
1.9413
1.9413
1.9413
1.9413
1.9413
1.9413
1.9413
1.9413
1.9413
1.9413
1.9413
1.9413
1.9413
1.9413
1.9413
1.6064
1.6824
1.9413
1.5756
1.4941
0.83439
0.83439
0.83439
0.59
0.59
0.59
1.2993
1.427
1.3365
1.3365
1.3365
1.5756
1.4941
1.6064
1.3193
1.3193
1.3193
1.3193
1.3193
1.4452
1.3193
1.3193
1.2816
1.18
1.18
1.18
1.4109
1.5292
1.8102
2.113
1.9932
1.9932
2.1938
2.1938
2.4497
2.2501
2.3569
2.2264
2.3569
2.4093
2.4805
2.4296
2.4805
2.7552
2.7552
3.0035
3.0448
3.0448
3.1798
3.2189
3.3092
3.3468
3.4338
3.3839
3.47
3.3839
3.47
3.3839
3.47
3.3839
3.47
3.3839
3.47
3.3839
3.5059
3.5059
3.6237
3.6237
3.658
3.658
3.692
3.658
3.692
3.658
3.692
3.658
3.692
3.658
3.692
3.658
3.692
3.658
3.5765
3.5413
3.457
3.4207
3.3333
3.0943
3.1345
2.8352
3.0375
2.7732
3.0375
2.7908
3.1882
2.9961
3.4207
3.2036
3.3321
3.1488
3.2956
3.1101
3.2424
2.9961
3.2272
2.896
3.1501
2.9129
3.3333
2.8539
3.1741
2.636
2.896
2.7457
3.0124
1.9298
1.2993
0.92092
0.77337
1.09
1.2394
0.83439
1.3727
1.4941
1.8495
1.8495
1.8495
2.0641
1.978
2.0402
2.0402
1.953
2.016
2.1593
2.1593
2.2384
2.3149
2.4406
2.3682
2.607
2.607
2.607
2.607
2.607
2.4406
2.607
2.607
2.607
2.607
2.607
2.607
2.607
2.607
2.607
2.6546
2.607
2.7012
2.6546
2.8525
2.8083
2.9961
2.9541
3.1332
3.093
3.1332
3.093
3.1332
3.093
3.1332
3.093
3.1332
3.093
3.1332
3.093
3.1332
3.093
3.1332
2.9541
2.7732
2.5691
2.5005
2.3265
2.2504
2.1942
2.2721
2.2721
2.3474
2.2936
2.3682
2.3682
2.4406
2.3149
2.3149
2.3149
2.3149
2.2384
2.2384
2.2384
2.2384
2.2936
2.336
2.2602
2.336
2.2602
2.2061
2.1257
2.1487
2.1257
2.2061
2.3149
2.2061
2.0661
2.2061
2.1257
2.3889
2.439
2.5093
2.439
2.5093
2.6055
2.6715
2.653
2.7635
2.6997
2.7635
2.7457
2.8682
3.0273
3.3092
3.2036
3.3626
3.2036
3.4492
3.2424
3.5689
3.2807
3.5689
3.2807
3.5689
3.2807
3.5689
3.2807
3.5689
3.2807
3.5689
3.2807
3.5689
3.3186
3.6847
3.4428
3.797
3.4789
3.8298
3.5976
3.9379
3.6322
3.9379
3.6322
3.9379
3.6322
3.9379
3.5976
3.9379
3.5976
3.9379
3.5976
3.9379
3.5976
3.9379
3.5976
3.9379
3.5976
3.9379
3.5976
3.9379
3.5976
3.9379
3.5627
3.9379
3.5627
3.9379
3.5627
3.9379
3.5627
3.9379
3.5627
3.8298
3.4428
3.8298
3.3038
3.3839
3.0784
3.1088
3.093
3.0111
2.8946
2.5866
2.6345
2.6055
2.7635
2.6243
2.5587
2.3569
2.6444
2.7079
2.7358
2.6429
2.7178
2.8588
2.673
2.7537
2.5109
2.7715
2.5304
2.8773
2.7729
2.8336
2.5983
2.7729
2.305
2.5497
2.055
1.906
1.7421
1.77
1.6688
2.055
1.6688
1.9932
1.6688
2.055
1.9039
2.031
1.7137
1.9434
1.7829
2.2602
2.0422
2.3665
2.3665
2.5378
2.5378
2.1364
2.016
2.0771
2.1006
1.98
1.8901
1.98
1.98
2.4093
2.2602
2.2602
2.1819
2.2602
2.439
2.3889
2.4188
2.439
2.5378
2.5587
2.5882
2.6913
2.7178
2.7373
2.6546
2.8867
2.8682
2.843
2.8083
2.9297
2.9115
3.0287
2.9541
3.0697
2.9115
3.0287
2.8083
2.9297
2.9541
3.1101
2.9961
3.2424
3.0375
3.2807
3.0784
3.4063
3.212
3.5274
3.2506
3.5274
3.2506
3.5274
3.2506
3.5274
3.2506
3.5274
3.2889
3.5274
3.2889
3.5274
3.2889
3.4918
3.3919
3.3694
3.0784
3.0537
2.879
2.636
2.683
2.4699
2.636
2.4699
2.4001
2.4188
2.2721
2.3457
1.9688
2.2918
1.8374
2.2602
1.7979
2.336
1.7979
2.336
1.9821
2.336
1.6983
1.9551
1.4792
1.9551
1.5925
2.018
1.5925
2.0661
1.7979
2.2836
2.1837
2.6444
2.4406
2.6444
2.5394
2.7987
2.5882
2.7812
2.52
2.7812
2.636
2.8867
2.6546
2.9036
2.7649
2.963
2.8696
3.0048
2.7566
2.8002
2.6459
2.7373
2.5793
2.7373
2.843
2.8002
2.8867
2.8617
3.0448
2.963
3.0856
3.2341
3.2341
3.3614
3.3105
3.3468
3.3468
3.47
3.5413
3.5552
3.6714
3.4712
3.5765
3.507
3.7389
3.7053
3.8169
3.8169
3.8496
3.8169
3.8169
3.7841
3.7389
3.6237
3.5901
3.5059
3.3851
3.2807
3.4207
3.3694
3.5059
3.2272
3.2944
3.093
2.7277
2.8511
2.45
2.3984
2.2164
2.2164
2.4205
2.653
2.5394
2.4897
2.5109
2.3682
2.2818
2.1025
1.5441
1.3922
1.512
1.512
1.5441
1.8901
2.1257
2.2384
2.6444
2.6444
2.4296
2.4607
2.2282
2.1257
1.9434
2.2061
2.2282
2.4607
2.4805
2.5793
2.7729
2.963
2.963
2.8617
2.7729
2.4513
2.0916
1.9455
1.8801
2.305
2.1732
2.2836
2.6258
2.4607
2.7987
2.2402
2.6258
2.1257
2.5288
1.7979
2.2061
1.7979
2.2042
1.9298
2.4406
2.4188
2.6715
2.5394
2.7812
2.6997
3.1952
2.9707
3.1402
2.9541
3.1798
3.0537
3.2341
3.1501
3.2725
3.0943
3.3252
3.1895
3.4646
3.4219
3.5838
3.4219
3.5838
3.4219
3.5838
3.4219
3.5838
3.4582
3.5838
3.4582
3.5838
3.4582
3.6991
3.4942
3.6991
3.5297
3.811
3.6468
3.9196
3.7602
4.0253
3.7933
4.1284
3.9024
4.2289
4.0086
4.2289
4.0086
4.2289
4.0086
4.2289
4.0086
4.2289
4.0086
4.1992
3.8576
4.0553
3.825
4.0553
3.825
4.0553
3.825
4.0553
3.825
4.0553
3.7922
3.9379
3.7591
3.8169
3.7591
3.692
3.9695
3.692
3.9695
3.692
3.9695
3.692
3.9695
3.658
3.8169
3.6237
3.8169
3.6237
3.8169
3.658
3.8169
3.658
3.8169
3.658
3.8169
3.658
3.8169
3.6237
3.7841
3.589
3.7509
3.554
3.7509
3.554
3.7174
3.4195
3.554
3.4195
3.3827
3.2411
2.4789
2.2818
2.2264
2.0046
1.9413
1.9413
1.7551
2.1257
3.2795
3.3173
3.5274
3.212
3.3919
3.1728
3.212
3.212
4.2289
3.9379
4.086
3.8169
4.0553
3.658
3.906
3.692
3.906
3.658
3.7509
3.4918
3.7509
3.4918
3.7509
3.658
3.7509
3.658
3.7509
3.658
3.7509
3.658
3.7509
3.658
3.7509
3.658
3.7509
3.658
3.7509
3.658
3.7509
3.658
3.7509
3.658
3.7509
3.658
3.7509
3.658
3.7509
3.6237
3.589
3.4559
3.554
3.1488
3.1246
2.336
2.4789
2.5288
2.2818
2.2818
2.0661
2.2264
2.0046
2.4897
2.9707
2.7635
2.8525
2.8461
3.1332
3.0477
3.6591
4.1723
4.4136
4.0573
4.153
3.8319
4.2181
3.5425
3.6991
3.356
3.6991
3.5425
4.0506
3.7862
4.1347
4.0934
3.9138
3.9012
3.8366
3.9884
3.8817
3.6174
3.5625
3.7589
3.5133
4.1044
3.791
4.1347
3.6641
3.6038
3.3694
2.7732
2.7277
2.55
2.1735
2.1153
2.1735
1.6983
1.8128
1.5925
1.8128
1.5925
1.9319
1.727
1.8661
1.3395
1.9572
1.4637
1.7979
1.0219
1.0219
1.0219
0.83439
0.83439
0.59
0.59
0.59
0.59
0.83439
0.83439
1.0219
1.0219
1.3193
1.6064
1.6064
1.3193
1.18
1.0219
1.0219
1.0219
1.3193
1.3193
1.4452
1.4452
1.4452
1.4452
1.561
1.561
1.7113
1.3193
1.3193
1.18
1.18
1.4109
1.4452
1.561
1.9039
1.6391
1.77
2.2718
2.0787
1.9039
2.113
1.9039
2.3032
2.2501
2.5288
2.4789
2.5288
2.4897
2.3889
2.4699
2.2384
2.1383
2.4188
2.2164
2.1364
2.2936
2.1593
2.1819
2.1819
2.2602
2.2042
2.3569
2.0046
2.0897
1.8227
1.8495
1.4609
1.8495
1.3365
1.427
1.3365
1.5441
1.7829
1.9434
1.878
2.0046
1.878
2.0661
1.7551
1.3395
0.92092
1.0937
0.92092
1.3395
1.2427
1.3756
1.3756
2.0067
1.9434
2.4805
2.1487
2.3889
2.336
2.6928
2.3682
2.6273
2.3906
2.7388
2.4423
2.5618
2.2638
2.3923
2.3394
2.5809
2.4423
2.7388
2.6086
2.8445
2.8272
3.1811
3.0697
3.2725
3.03
3.1811
3.03
3.3626
3.071
3.0869
2.8098
2.972
2.7923
3.0537
2.9388
3.1488
3.2272
3.4559
3.4428
3.6237
3.6112
3.692
3.5976
3.5413
3.6112
3.457
3.4285
3.4063
3.4285
3.5274
3.5638
3.8496
3.6798
3.8169
3.6798
3.8496
3.6798
3.8169
3.7136
3.7721
3.7136
3.8819
3.7136
3.8819
3.7136
3.8819
3.5987
3.6457
3.4801
3.6457
3.4801
3.7721
3.5638
3.8496
3.8051
3.914
3.8819
4.0009
3.8496
4.0009
3.8496
3.9695
3.7389
3.8496
3.7721
4.0009
3.8819
3.8945
3.7389
3.8506
3.8623
3.818
3.5901
3.7389
3.6714
3.7053
3.7053
3.7841
3.7841
3.692
3.8496
3.6237
3.6237
3.5059
3.5627
3.6714
3.9504
3.7185
3.7981
3.6714
3.7851
3.7841
3.8945
3.7841
3.8945
3.6714
3.7851
3.6714
3.6725
3.6237
3.4712
3.2795
3.2036
3.1088
3.0124
2.8243
2.9707
3.0843
3.0448
3.0596
2.945
2.945
3.0843
3.1246
3.1246
2.9693
3.0684
3.1246
3.2036
3.1798
3.2725
3.0856
3.3105
3.1246
3.2575
2.7812
2.3682
2.1025
2.2721
1.9936
1.8639
1.9298
1.727
1.727
2.1257
2.3149
2.336
2.336
2.2282
2.2282
1.98
1.7551
1.727
1.98
2.1006
2.4188
2.5394
2.6715
2.843
2.7373
2.7193
2.5587
2.4205
2.262
2.02
1.7979
2.0442
2.079
2.2402
2.4607
2.4607
2.4607
2.4607
1.9821
2.2836
1.3756
1.6554
1.3395
1.3395
1.3395
1.9551
2.018
2.6258
2.5093
2.7987
2.5587
2.6913
2.4406
2.945
2.3149
2.6055
2.1364
2.439
1.9936
2.3149
2.5882
2.7812
2.8083
2.9036
2.8867
3.1015
2.972
3.0287
3.0697
3.0448
2.9555
2.7193
2.7923
2.673
2.9402
2.8272
3.0563
2.8867
2.9734
2.8696
2.7664
2.541
2.3682
2.6546
2.5394
2.9961
2.8243
3.0684
3.0287
3.2189
3.2562
3.3468
3.1643
3.0287
3.1643
3.1259
3.093
3.0124
3.1488
3.2424
3.3333
3.6248
3.493
3.5901
3.493
3.6248
3.493
3.5901
3.493
3.507
3.493
3.6248
3.493
3.5901
3.457
3.4207
3.5286
3.3186
3.493
3.2807
3.493
3.356
3.3706
3.1741
3.3186
3.0797
3.4428
3.3414
3.4063
3.356
3.457
3.356
3.3186
3.1741
3.2272
2.9541
2.8525
2.9541
2.7635
2.7812
2.4897
2.9871
3.0843
3.2712
3.1402
3.2176
3.2176
3.3092
3.3092
3.2023
3.2023
3.1332
3.2411
3.0375
3.2036
3.0537
3.2424
3.0943
3.3694
3.2272
3.3694
3.2272
3.3694
3.2272
3.3694
3.0943
3.2036
2.9555
2.8525
2.5216
2.4001
2.3474
2.2164
2.3474
2.2936
2.3682
2.5394
2.7193
2.8696
2.8257
2.9115
2.8257
2.8696
2.8696
2.7457
2.7457
2.9374
2.9961
2.9961
3.0697
3.0537
2.9297
2.8352
2.7012
2.8083
2.5897
2.6546
2.7471
3.0124
3.0943
3.0124
3.0943
3.0124
3.0943
3.0537
3.0943
2.9129
2.9555
2.7471
2.9388
2.9555
3.1345
2.9975
3.2657
3.2272
3.3919
3.3919
3.4285
3.3919
3.3038
3.212
3.1188
2.8179
2.8179
2.5985
2.5985
2.6173
2.6173
2.8352
2.8525
3.0537
3.0124
3.1882
3.1488
3.1882
3.1488
2.9961
2.8946
2.9797
2.9961
3.0375
3.0537
3.1895
3.1501
3.2807
3.2956
3.1101
3.055
3.1501
2.8098
2.9129
2.4913
2.5882
2.3682
2.6546
2.3682
2.3682
2.3889
2.5109
2.4607
2.3889
2.4093
2.2836
2.305
2.5793
2.5093
2.7635
2.945
3.2189
3.324
3.2575
3.3092
3.2575
3.3614
3.348
3.3984
3.2956
3.3468
3.4362
3.4853
3.521
3.2725
3.4362
3.1428
3.2201
3.0622
3.2201
3.1964
3.2725
3.2874
3.2201
3.0622
3.1259
3.1798
2.9129
3.0684
2.7635
2.6815
2.607
2.6815
2.9115
2.8525
3.1246
3.0124
3.3972
3.2956
3.5815
3.3839
3.3972
3.0537
3.3972
3.1101
3.4338
3.1501
3.3092
3.1101
2.9297
2.9885
2.7649
2.9297
2.7193
3.0856
2.9297
3.3252
3.1415
3.4634
3.2725
3.5487
3.2725
3.4634
3.1415
3.1964
2.8696
2.8002
2.4913
2.532
2.6273
3.0211
3.0856
3.34
3.2725
3.4271
3.2725
3.4634
2.9885
3.3023
3.1259
3.3023
3.0287
3.376
3.2036
3.5476
3.3839
3.698
3.3839
3.6641
3.3839
3.5826
3.2956
3.698
3.5901
3.7185
3.658
3.7841
3.5274
3.7053
3.4063
3.5552
3.1882
3.3468
3.0537
3.2562
2.9115
3.2176
2.9115
3.3602
3.1088
3.5678
3.3321
3.6495
3.4195
3.5678
3.3321
3.5678
3.3321
3.4338
3.1332
3.2562
2.9541
3.2944
2.9541
3.2411
3.0523
3.3827
3.2411
3.554
3.4338
3.7306
3.47
3.7174
3.4338
3.7306
3.3468
3.554
3.2411
3.3827
3.1882
3.2944
3.4207
3.5689
3.2807
3.4853
3.2807
3.521
3.3186
3.6383
3.356
3.6383
3.356
3.6383
3.356
3.6383
3.356
3.6383
3.356
3.6383
3.3186
3.4712
3.5552
3.5776
3.7851
3.5286
3.7389
3.6457
3.9695
3.7591
3.692
3.5976
3.5274
3.4285
3.1728
3.2506
3.0523
2.8946
2.8511
2.8083
2.8069
2.9707
3.0684
3.2189
3.0843
3.3092
2.7812
3.0684
2.7812
3.1246
2.8682
3.1643
3.0684
3.0448
3.1643
3.2353
3.3468
3.3252
3.2189
3.3252
2.9464
3.3626
2.9885
3.3252
3.2189
3.4492
3.3468
3.4492
3.3468
3.3252
3.3468
3.4853
3.3468
3.4492
3.2189
3.3984
2.972
3.3984
2.9129
3.3614
2.8525
3.3092
2.7908
3.2712
2.7908
3.2712
2.8083
3.2862
3.0124
3.4116
3.1088
3.497
3.0684
3.3228
3.0435
3.0435
2.6055
2.6243
2.439
2.5778
2.5093
2.5288
2.5093
2.5587
2.6715
2.6715
2.7358
2.8853
2.9022
2.9022
2.6898
2.9022
2.6898
2.8853
2.6715
2.6715
2.2936
2.4188
1.8374
2.2918
1.9936
2.653
2.3984
3.0273
2.6997
3.2562
2.9115
3.1798
2.6546
2.7987
2.4205
2.6258
2.4001
2.7358
2.5882
2.9871
2.8525
3.324
3.0537
3.3092
3.0537
3.2712
3.0124
3.0856
2.8257
2.8867
2.683
2.8098
2.8696
2.8696
2.8525
2.9129
2.8083
2.8696
2.7012
2.7649
2.8525
2.9555
2.896
3.0943
3.0784
3.2272
3.2506
3.3548
3.2889
3.3548
3.2889
3.3548
3.2889
3.2272
3.1979
3.1345
3.0227
2.896
2.8193
2.7908
2.6647
2.7277
2.6647
2.8083
2.6173
2.8696
2.7471
2.8257
2.7012
2.673
2.541
2.673
2.541
2.7635
2.636
2.9115
2.7457
2.9115
2.5882
2.7635
2.4001
2.6546
2.2953
2.636
2.2182
2.3474
2.1383
2.2721
2.1153
2.52
2.3265
2.5394
2.4716
2.8257
2.6546
2.9283
2.4406
2.6715
2.2384
2.3872
1.9936
1.953
1.9298
2.3131
2.3682
2.5967
2.843
2.6629
2.9036
2.7729
2.6913
2.6444
2.3906
2.4406
2.1276
2.1837
2.3906
2.37
2.4623
2.7373
2.6928
2.6745
2.8881
2.6745
2.6928
2.7208
2.7388
2.871
2.8445
2.6561
2.6745
2.7471
2.972
2.7471
3.0697
2.9555
3.2575
3.2048
3.3105
2.972
3.2575
3.03
3.3105
3.1101
3.2575
3.0124
3.2424
3.2424
3.5901
3.3839
3.4712
3.3839
3.5552
3.3839
3.5901
3.3468
3.5198
3.4207
3.5901
3.5059
3.6372
3.5413
3.7053
3.5059
3.6714
3.2956
3.4207
3.2424
3.4207
3.0697
3.2575
3.1246
3.2341
3.3092
3.5337
3.4338
3.5678
3.3468
3.7306
3.3972
3.6836
3.2189
3.3456
3.0273
3.3614
3.2036
3.3614
3.3456
3.5337
3.47
3.698
3.4338
3.5337
3.1643
3.4128
3.0684
3.0843
2.6055
2.6055
2.3457
2.5093
2.5378
2.6715
2.6055
2.6898
2.6243
2.7537
2.5967
2.6898
2.5967
2.9022
2.9036
2.9795
2.3872
1.5441
1.3922
1.3024
0.86603
0.86603
1.0479
1.3024
1.4637
1.9551
1.825
2.2384
2.3149
2.4188
2.3665
2.2936
2.1593
2.1364
2.1593
2.2721
2.2936
2.3474
2.4406
2.4716
2.4913
2.636
2.7012
2.683
2.7012
2.683
2.7471
2.683
2.7923
2.5707
2.6189
2.3282
2.3813
2.0573
2.1978
1.9956
2.22
1.9956
2.1044
2.079
2.2402
2.3265
2.3474
2.4699
2.607
2.541
2.3682
2.1611
2.2936
2.1611
2.607
2.5882
2.8257
2.2936
2.653
2.52
2.4188
2.5882
2.3149
2.1025
2.3889
2.1837
2.3889
2.262
2.4607
2.262
2.5778
2.5109
2.6898
2.5587
2.459
2.3889
2.5288
2.3889
2.3889
2.1837
2.1025
2.2384
2.1593
2.0422
2.1819
2.3682
2.653
2.8257
3.0684
3.1088
2.9707
3.1088
2.9707
2.9707
2.9541
2.9374
2.8946
2.8525
2.8525
2.871
2.972
2.871
3.0138
3.0138
3.1501
3.1501
3.3186
3.2424
3.3186
3.2807
3.3186
3.2424
3.1895
2.8098
2.8539
2.3492
2.4018
2.1402
2.2522
2.196
2.2522
2.196
2.4533
2.4716
2.5897
2.8525
3.0138
3.0697
3.0537
3.0124
2.7908
2.7908
2.5882
2.4897
2.2384
2.3682
2.1819
2.2818
2.5587
2.5778
2.945
2.9616
3.1402
3.1002
3.1402
3.1002
3.0035
3.0448
2.9283
2.9707
2.9871
2.8867
2.9464
2.8617
2.8002
2.6459
2.5983
2.7552
2.7552
3.0448
3.0448
3.2712
3.2712
3.3092
3.3468
3.3468
3.3092
3.2189
3.2189
3.2575
3.2189
3.2189
3.2575
3.2575
3.3839
3.4207
3.5059
3.5413
3.6237
3.658
3.658
3.658
3.658
3.658
3.658
3.658
3.658
3.5413
3.5413
3.5413
3.4207
3.2424
3.2189
3.2411
3.3839
3.2795
3.5059
3.4195
3.6237
3.5274
3.6237
3.4559
3.5059
3.4063
3.5413
3.4918
3.5413
3.3548
3.5765
3.5274
3.692
3.5274
3.7257
3.5274
3.7257
3.5274
3.7257
3.5274
3.7257
3.5274
3.7257
3.5274
3.7257
3.5274
3.7257
3.5274
3.5976
3.3548
3.4285
3.2506
3.2506
3.103
3.212
3.0624
3.1728
3.0624
3.1728
3.0624
3.1728
3.0624
3.1728
2.9221
2.9961
2.7292
2.4716
3.0943
3.5286
3.7053
3.7389
3.4918
3.2506
3.2795
3.0784
3.0111
2.9374
2.9693
2.9374
2.8853
2.7635
2.8853
2.7635
3.0435
2.8853
2.7973
2.7812
2.6429
2.7178
2.6898
2.3889
2.5288
2.2384
2.2818
1.825
1.427
1.2026
1.427
1.2026
1.6231
1.4637
1.98
1.825
2.1487
1.9434
2.1714
2.031
2.0897
2.0661
2.2818
2.336
2.3569
2.0422
2.1487
1.825
1.5467
1.5781
1.4968
1.6554
1.8922
1.8922
2.0067
2.0067
2.0916
2.2836
2.1957
2.4313
2.1149
2.3586
2.2282
2.3377
2.4093
2.4607
2.5304
2.6273
2.6459
2.8002
2.905
3.0869
3.0462
3.3105
3.0869
3.2201
3.1259
3.1259
2.9297
2.9297
2.8257
2.7635
2.8257
2.7812
2.843
2.8602
3.1015
3.0609
3.2492
3.1558
3.376
3.1558
3.3614
3.0843
3.2562
2.9871
2.9707
2.9871
2.9871
3.0448
3.2725
3.2712
3.5826
3.5337
3.698
3.5326
3.698
3.5337
3.5826
3.4481
3.5198
3.4338
3.5689
3.4841
3.6991
3.6174
3.811
3.7317
3.811
3.7317
3.811
3.8426
4.0375
3.9504
4.1402
3.9819
4.0684
3.875
4.099
3.875
3.9638
3.7185
3.765
3.6847
3.7981
3.7185
3.8426
3.6506
4.098
3.797
3.9186
3.6027
3.8298
3.8099
3.8623
3.906
3.6714
3.7509
3.692
3.875
3.8623
3.9819
3.7851
3.9819
3.8945
3.9819
3.8945
3.9819
3.7389
3.8945
3.8623
3.7389
3.8945
3.6112
3.752
3.4063
3.5901
3.2807
3.4712
3.1501
3.4712
3.2956
3.6383
3.4207
3.752
3.6237
3.9695
3.658
3.9695
3.6237
3.8623
3.4918
3.8496
3.5413
3.8945
3.5765
3.8945
3.692
3.7389
3.7922
3.457
3.5286
3.1501
2.8633
2.683
2.4699
2.52
2.3457
2.45
2.3457
2.4699
2.439
2.607
2.3872
2.7812
2.6429
2.6258
2.459
2.6715
2.2384
2.2164
2.0422
2.018
1.918
1.9572
2.0067
2.3377
2.2061
2.5602
2.4607
2.8257
2.7812
2.7193
2.6258
2.5109
2.2836
2.1276
2.262
2.068
1.9434
2.0442
2.0067
2.262
2.4093
2.5109
2.4805
2.4607
2.5288
2.3586
2.4093
2.4093
2.6243
2.6243
2.5378
2.6898
2.9283
2.6243
2.8257
2.5778
2.8257
2.5778
2.8696
2.7358
2.9707
2.8853
2.9961
2.7812
2.9541
2.7178
2.8525
2.5394
2.5882
2.3665
2.4913
2.3149
2.8083
2.5093
2.8257
2.7358
3.0287
2.9858
3.1088
2.8243
2.8682
2.4188
2.6055
1.9936
2.2918
2.018
2.6055
2.1611
2.7178
2.607
2.7358
2.607
2.843
2.7178
2.8416
2.607
2.8243
2.5866
2.8243
2.5394
2.9283
2.6258
3.1798
2.7193
3.0448
2.9283
2.9464
2.7193
2.9885
2.7193
2.9885
2.8098
3.0856
2.9129
3.2575
2.9129
2.972
2.8525
3.0697
2.8525
2.9871
3.0124
2.8867
2.9129
3.0287
3.0943
3.2036
3.212
3.3321
3.3919
3.3321
3.3038
3.3694
3.3919
3.4918
3.3038
3.4063
3.1741
3.3694
3.1741
3.4063
3.1345
3.4559
3.1345
3.4063
3.0784
3.4559
3.1728
3.4918
3.1728
3.4559
2.8525
3.1882
2.8367
3.1882
2.7292
2.8352
2.1383
2.6997
2.2504
2.45
2.1364
2.1364
2.0771
2.2164
2.1238
2.2384
2.2042
2.2061
2.1714
2.2836
2.0046
2.1257
2.1238
2.1257
2.0402
1.98
1.8901
1.98
1.9413
2.0897
2.1714
2.2501
2.113
2.2501
2.5002
2.5002
2.5481
2.6629
2.3032
2.4805
2.3569
2.031
2.3776
2.1938
2.5689
2.3262
2.5497
2.3776
2.4313
2.4093
2.5304
2.459
2.2836
2.1819
2.4607
2.6243
2.673
2.9283
2.5587
2.8243
2.4897
2.7178
2.439
2.5571
2.1819
2.459
2.2918
2.5762
2.4897
2.7987
2.5394
2.9858
2.7635
2.9022
2.8696
3.1002
2.9297
3.0035
2.7826
3.1002
2.8002
3.1571
2.8445
3.0769
2.8002
3.0622
2.8617
3.1329
2.843
2.9036
2.6913
3.0198
2.9464
3.3546
3.3917
3.8296
3.772
4.1227
4.0998
4.1819
4.1883
4.3216
4.3288
4.5235
4.5678
4.6155
4.6222
4.8412
4.908
5.0903
5.0718
5.1487
5.1876
5.2628
5.221
5.2958
5.2873
5.2628
5.2457
5.2065
4.9945
4.088
5.0043
4.8123
4.7139
4.1904
4.035
3.9468
4.0096
4.0518
4.1131
4.0825
4.255
4.1842
4.3812
4.2139
4.3526
4.3238
4.3812
4.3238
4.3812
4.431
4.487
4.4027
4.487
4.4027
4.487
4.4027
4.487
4.3742
4.3639
4.2771
3.966
3.7136
3.4154
3.3786
3.3267
2.9797
2.693
2.8179
2.0919
2.7457
2.1153
2.6997
2.1383
2.9707
2.2953
3.0287
2.4716
3.0124
2.7012
3.0124
3.0697
3.0287
3.0856
3.0287
3.0856
3.0856
3.1415
3.1415
3.1428
3.2201
3.2737
3.2201
3.2737
3.2201
3.2737
3.2201
3.2737
3.1811
3.2737
3.1811
3.1428
3.0048
2.9643
2.8617
2.9218
2.5793
2.7552
2.6258
2.7987
2.5587
2.6243
2.6243
1.3395
1.3395
1.2026
1.0937
1.2026
1.0937
1.3395
1.2427
1.5781
1.4968
1.5781
1.3756
1.5781
1.4968
1.5781
1.3756
1.3395
1.2427
1.4637
1.3756
1.6848
1.4968
1.6848
1.4968
1.6848
1.4968
1.6848
1.4968
1.6848
1.4968
1.6848
1.4968
1.6848
1.4968
1.6848
1.4968
1.6848
1.4968
1.6848
1.4968
1.6848
1.4968
1.6848
1.4968
1.918
1.7551
2.1257
1.825
2.1257
1.825
2.1257
1.825
2.1257
1.825
2.1257
1.825
2.1257
1.825
2.1257
1.825
2.1257
1.8922
2.0661
1.825
2.0046
1.7551
1.9413
1.7551
1.9413
1.6824
1.9413
1.6824
1.9413
1.6824
1.9413
1.6824
1.9413
1.6824
1.9413
1.6824
1.9413
1.6824
1.9413
1.6824
1.9413
1.6824
1.9413
1.6824
1.9413
1.6824
1.9413
1.6824
1.9413
1.6824
1.9413
1.6824
1.9413
1.6824
1.9413
1.6824
1.9413
1.6824
1.9413
1.6824
1.9413
1.6824
1.9413
1.6824
1.9413
1.6824
1.9413
1.6824
1.5756
1.6505
1.6959
1.6206
1.427
1.3365
1.3365
1.3365
1.5756
1.3727
1.6064
1.3193
1.3193
1.3193
1.4452
1.18
1.3193
1.18
1.4452
1.3193
1.4452
1.4452
1.6688
1.561
1.6688
1.77
1.9039
1.77
1.9039
1.77
1.9039
1.7421
1.6391
1.8393
1.6688
2.055
1.9685
2.2501
2.113
2.4296
2.4093
2.6913
2.6258
2.6444
2.4607
2.5304
2.5109
2.6913
2.673
2.9871
2.9707
3.3827
3.2411
3.2562
3.1088
3.1246
2.9707
3.1246
2.9707
3.1246
2.9707
3.2944
3.1488
3.4195
3.2795
3.4195
3.2795
3.4195
3.2795
3.2944
3.1488
3.2036
3.0537
3.2036
3.0537
3.2036
2.9129
3.1643
2.8696
3.1488
2.8083
3.0684
2.9541
3.0124
2.9115
2.9283
2.9115
2.9115
2.8511
2.7164
2.4699
2.6055
2.5866
2.7164
2.5587
2.6898
2.5587
2.7987
2.843
2.9616
2.6715
2.6243
2.3665
2.6243
2.6715
2.8416
2.8243
3.1558
3.0435
3.3011
3.1558
3.2105
3.0198
2.8162
2.5778
2.5093
2.0916
2.2836
1.8124
2.2519
1.9952
2.381
2.0806
2.4313
2.4313
2.7109
2.6171
2.4296
2.3262
2.4607
2.305
2.6444
2.305
2.7094
2.5497
2.8176
2.7094
2.7552
2.7094
3.0622
2.9205
3.0035
3.0435
3.2341
3.1002
3.4481
3.2862
3.1798
3.2712
3.2874
3.4623
3.4634
3.6641
3.4128
3.6162
3.4993
3.698
3.7317
3.8099
3.8099
3.5337
3.3839
3.4492
3.4712
3.5689
3.5901
3.698
3.6038
3.698
3.6383
3.698
3.7185
3.6506
3.6372
3.7306
3.4559
3.47
3.093
2.9961
3.1332
3.0784
3.1488
3.093
3.1259
3.1501
3.0124
2.9961
3.0856
2.9388
2.9707
3.3839
3.1643
3.3694
3.1088
2.9975
2.9541
2.7923
2.8257
2.5707
2.607
2.2182
2.2936
2.081
2.1837
2.02
2.3474
2.02
2.5394
2.2402
2.3889
1.8922
2.3682
2.1257
2.1276
2.2519
2.1505
2.0067
2.242
2.2079
2.37
2.5304
2.7486
2.8696
3.1114
2.8257
2.7664
2.4913
2.7027
2.4205
2.3717
1.9572
2.242
2.02
2.4221
2.0422
2.37
2.1257
2.5602
2.4093
2.6913
2.5778
2.7812
2.7987
2.8257
2.9283
3.1798
3.1088
3.2795
3.1088
3.3321
3.1882
3.507
3.2956
3.5901
3.3333
3.457
3.457
3.6248
3.457
3.507
3.1345
3.0697
2.8083
2.8257
2.5882
2.7635
2.7635
2.9707
3.0287
3.1798
3.1798
3.2189
3.2725
3.1798
3.3092
3.2189
3.0287
2.8946
2.9707
2.8525
3.0697
3.1101
3.3984
3.2575
3.5689
3.3839
3.5689
3.5198
3.5689
3.3984
3.2341
3.435
3.1415
3.2575
3.0856
3.435
3.2725
3.5901
3.435
3.5552
3.3984
3.5901
3.435
3.5552
3.5198
3.5901
3.5552
3.658
3.6237
3.658
3.658
3.658
3.6237
3.4918
3.4559
3.3694
3.4559
3.3321
3.4195
3.3321
3.3321
3.2795
3.1882
3.1488
3.0537
3.1488
3.1488
3.2944
3.3321
3.4195
3.4195
3.4195
3.4559
3.4195
3.4195
3.4559
3.3321
3.2411
3.2795
3.3321
3.3694
3.3321
3.3694
3.2036
3.1488
2.8083
2.7457
2.6546
2.5882
2.607
2.7635
2.8257
2.8257
2.7987
2.7812
2.7358
2.673
2.6444
2.7358
2.5288
2.5587
2.5093
2.6715
2.7537
2.8257
2.9871
3.163
3.2176
2.9707
3.0287
2.7635
2.7812
2.4001
2.4716
2.4699
2.2164
2.4897
2.079
2.5093
2.3682
2.7358
2.607
2.9616
2.843
3.0198
2.7178
2.9871
2.7635
2.9871
2.6997
2.9707
2.7635
2.8867
2.673
2.8445
2.5602
2.9885
2.4913
2.7826
2.4913
2.7826
2.5109
2.7373
2.6258
2.8602
2.5587
2.3682
2.3149
2.2602
2.0661
2.1257
2.2061
2.1487
2.0661
2.262
2.4093
2.5778
2.6898
2.7987
2.7797
2.9693
2.9022
3.1402
2.9616
3.0448
3.0609
3.0448
3.2105
3.2874
3.376
3.3614
3.2341
3.2725
3.2874
3.3252
3.3023
3.3252
3.2642
3.2874
3.34
3.3996
3.4993
3.521
3.4993
3.5563
3.4993
3.521
3.6174
3.5563
3.7317
3.7851
3.8426
3.818
3.9504
3.9265
3.9819
3.818
3.7851
3.6931
3.8945
3.8051
4.0009
3.8819
4.032
3.914
4.0009
3.7721
3.8945
3.6591
3.752
3.6248
3.6725
3.6248
3.752
3.8496
3.9695
3.8496
3.9695
3.692
3.8623
3.5765
3.752
3.4207
3.435
3.457
3.6248
3.8169
3.906
3.692
3.9379
3.658
3.906
3.658
3.7185
3.3173
3.5198
3.2807
3.4853
3.2807
3.6847
3.457
3.797
3.4207
3.7639
3.3839
3.6847
3.4207
3.6162
3.3321
3.4841
3.3173
3.5187
3.3694
3.6372
3.4063
3.7509
3.5274
3.5059
3.493
3.4207
3.2285
3.2285
3.9389
3.4428
3.6112
3.4297
3.752
3.6809
3.7991
3.6468
3.6518
3.5776
3.7991
3.5286
3.9012
3.753
3.9012
3.6602
4.0506
3.7732
3.9321
3.7922
3.7459
3.3931
3.5826
3.493
3.5701
3.4801
3.8426
3.5627
3.6858
3.6124
3.3468
3.0214
3.2189
2.8019
2.9707
2.9811
3.1259
3.0797
3.3468
3.4075
3.3468
3.2048
3.2201
2.9975
2.8083
2.3474
2.4913
2.5216
2.7649
2.871
2.972
3.1272
3.4283
2.8881
3.1028
2.541
1.2026
0.92092
0.86603
0.92092
0.70711
0.70711
0.70711
0.77337
1.427
1.3365
1.4609
1.3727
1.6064
1.18
1.6064
1.4452
1.7528
1.18
1.98
1.6824
1.9159
1.653
1.8922
1.727
1.5781
1.5781
1.6554
1.6848
2.1257
1.8538
1.918
2.068
2.1837
1.9821
2.0442
1.825
1.8516
1.918
1.7137
1.7551
1.5292
2.0422
2.0067
2.3377
2.6444
2.5587
2.7987
2.8696
2.9871
2.8696
3.1798
3.0943
3.2189
3.2424
3.1643
2.9555
3.1259
3.1101
3.0124
2.8083
2.7178
2.52
2.5378
2.4188
2.5378
2.5394
2.7797
2.7635
3.0273
3.0697
3.2712
3.0697
3.0684
2.8083
3.1088
2.7471
2.7457
2.2164
2.52
2.2953
2.4205
2.5602
2.7193
2.6745
2.8445
2.8445
2.9464
2.9297
3.0856
3.0856
3.1798
2.9297
2.8257
2.7193
2.8867
2.8881
3.0462
2.8881
3.1415
3.03
3.2587
3.3333
3.4712
3.3333
3.5425
3.493
3.6248
3.5765
3.5776
3.493
3.6931
3.6112
3.5286
3.4428
3.3186
3.3414
3.356
3.3038
3.2807
3.4789
3.3186
3.5976
3.5627
3.6322
3.5627
3.6322
3.5627
3.6665
3.5976
3.6665
3.6322
3.6665
3.6322
3.6665
3.6665
3.6665
3.6322
3.7591
3.5976
3.7591
3.5976
3.7591
3.5627
3.7257
3.5627
3.7257
3.5274
3.692
3.5274
3.692
3.4918
3.5274
3.4918
3.5274
3.4918
3.5274
3.4918
3.5274
3.4918
3.5274
3.4918
3.5274
3.4918
3.5274
3.4918
3.5274
3.4918
3.5274
3.4559
3.3548
3.2795
3.1728
3.093
2.9797
3.1332
1.8922
2.1257
1.8922
2.1257
1.8922
2.1257
1.8922
2.1257
1.8922
2.1257
1.8922
2.1257
1.8922
3.692
3.8496
3.906
3.7257
3.7509
3.5627
3.6237
3.906
3.589
3.8739
3.554
3.7174
3.3827
3.554
3.2023
3.3827
3.093
3.0124
2.4716
2.336
1.9572
2.1257
1.9572
2.0661
1.8922
2.0661
1.825
1.8922
3.0273
3.0273
2.8682
3.0684
2.8682
2.8682
2.5394
2.4188
2.4001
2.2164
2.4315
0.77337
1.0219
1.0219
0.83439
0.83439
0.59
0.59
0.59
0.59
1.1992
1.3365
1.3365
1.3365
1.3365
1.2394
1.3727
1.18
1.0219
1.0219
1.18
1.4452
1.3193
1.3193
1.3193
1.18
1.18
1.0219
1.18
1.3193
1.4109
1.18
1.18
1.2816
1.4109
1.6824
1.6064
1.6064
1.4452
1.561
1.561
1.9039
1.561
1.9039
1.9039
2.113
2.2501
2.4296
2.3776
2.5967
2.7094
2.7094
2.8787
3.0198
2.963
3.0622
3.0462
2.9036
2.8445
2.7373
2.8002
2.6444
2.8617
2.7552
3.0782
2.9795
3.0782
3.0609
3.1726
3.1172
3.2117
3.1558
3.324
3.2189
3.5689
3.3614
3.7448
3.6038
3.9196
3.797
3.9942
3.7185
3.9196
3.8298
4.0253
3.8298
4.0253
3.8298
4.0253
3.8298
4.0253
3.8298
4.0253
3.8298
4.0253
3.8298
4.0253
3.8298
4.0253
3.8298
4.1284
3.9379
4.2289
3.9695
4.2289
3.9695
4.2289
3.9695
4.2289
3.9695
4.2289
3.9695
4.2289
3.9695
4.2289
3.8169
4.1467
3.906
4.0009
3.9379
3.9695
3.8496
3.8496
3.8169
3.8169
3.7841
3.8169
3.7841
3.8169
3.7841
3.8169
3.7841
3.8169
3.7841
3.8169
3.7841
3.8169
3.7841
3.658
3.6237
3.4918
3.4559
3.3173
3.2795
3.4918
3.5274
3.4918
3.3548
3.3173
3.212
3.1728
3.1728
3.1728
3.1728
3.1728
3.212
3.1728
3.212
3.1728
3.1728
3.1332
3.1728
3.1332
3.1728
3.1332
3.1728
3.093
2.1837
2.5288
3.4195
3.3173
3.3548
3.4559
3.3548
3.3694
3.3548
3.0124
3.3092
3.554
3.4338
2.9871
2.945
2.6898
2.6898
2.2818
2.5288
2.336
2.2602
1.98
2.2042
1.9159
2.1238
2.6055
2.5587
2.9858
2.8682
2.8853
2.9283
2.8416
2.9283
2.8853
2.9115
2.8853
3.0287
2.945
3.1415
3.1015
3.3105
3.2341
3.1415
3.1015
3.0048
2.8002
3.2504
2.9885
3.0622
3.0869
3.1415
3.1272
3.2201
3.2587
3.2201
3.2968
3.3851
3.4219
3.4712
3.5425
3.3851
3.6591
3.507
3.6591
3.6248
3.6591
3.6248
3.5425
3.6248
3.507
3.507
3.507
3.5901
3.5901
3.5901
3.5901
3.435
3.5552
3.3851
3.2956
3.3839
3.1643
3.4207
3.3694
3.5059
3.5059
3.5901
3.7053
3.7053
3.5901
3.4712
3.4712
3.4712
2.9555
3.1501
2.636
1.5441
0.83439
0.83439
0.83439
0.83439
0.59
0.59
0.59
0.59
0.59
1.3365
1.2394
1.2394
1.2394
1.3727
1.4941
1.0219
0.83439
0.59
0.59
0.59
0.59
0.83439
0.83439
1.18
1.18
1.561
1.4452
1.6688
1.561
1.6688
1.3193
1.4452
1.3193
1.6688
1.7113
1.6688
1.6391
1.77
1.6688
1.8657
1.8393
1.8657
1.77
2.0787
2.055
2.3471
2.4497
2.3776
2.2282
2.4296
2.2836
2.5778
2.2282
2.4296
2.2836
2.4805
2.6171
2.9372
2.7729
2.5109
2.8162
2.5587
2.9616
2.607
3.1233
2.9115
3.3972
3.1088
3.5826
3.2036
3.4128
3.1259
3.5349
2.9129
3.0448
2.7012
3.1643
2.972
3.3984
3.2956
3.4982
3.3839
3.5337
3.4207
3.5815
3.3839
3.5337
3.2956
3.4982
3.2424
3.3984
3.2436
3.4492
3.2819
3.3105
3.2819
3.3984
3.3706
3.5198
3.493
3.6506
3.5765
3.7639
3.7257
3.8739
3.692
3.7639
3.6112
3.797
3.6112
3.6027
3.4789
3.47
3.103
3.2411
2.8619
3.2562
2.8179
3.1088
2.2082
3.0684
2.2303
3.1088
2.1509
2.9693
2.1153
2.843
1.8396
2.3665
2.4897
2.3149
2.336
2.2602
1.1611
1.8901
1.3024
1.98
1.6983
2.336
2.1025
2.6444
2.4406
3.0373
2.6273
2.963
2.4913
2.963
2.541
3.0048
2.2953
2.7373
2.081
2.3184
2.163
2.242
2.081
2.493
2.5216
2.931
2.7649
3.0462
2.9297
3.1811
3.0287
3.2725
2.9129
3.1101
2.9388
3.2048
3.0389
3.2587
3.1357
3.4008
3.3572
3.6394
3.4801
3.753
3.5987
3.8633
3.6333
3.8633
3.6333
3.8633
3.6333
3.8633
3.7268
3.8633
3.7268
3.8633
3.7268
3.8633
3.8506
3.8633
3.8829
3.9706
3.9896
4.075
4.0936
4.1768
4.124
4.1768
4.124
4.075
4.0208
3.9706
3.7471
3.7851
3.4518
3.5765
3.4154
3.692
3.5851
3.8169
3.7136
4.0131
3.8703
3.9695
3.825
3.9071
3.7602
3.8945
3.7004
3.8496
3.6665
3.9819
3.7602
3.9829
3.9582
4.087
3.9706
3.9389
3.7064
3.9514
3.5563
3.6383
3.2048
3.2575
3.1101
3.1643
3.0697
3.1246
2.9707
2.9283
2.843
2.7358
2.5778
2.6243
2.336
2.7079
2.7987
3.0021
3.0273
3.1785
3.1246
3.2328
3.2341
3.2712
3.1643
3.2176
3.2189
3.3092
3.2725
3.4492
3.4853
3.1964
3.1259
2.8002
2.7193
2.5793
2.5602
2.4607
2.5109
2.5304
2.5793
2.5497
2.4607
2.4805
2.4607
2.8162
2.7358
2.8162
2.6243
2.6258
2.7987
2.8867
2.9871
3.0684
3.324
3.5198
3.47
3.2411
3.2411
3.1488
3.2036
2.8525
2.9283
2.5882
2.6715
2.636
2.7812
2.9541
3.0843
3.2036
3.2712
2.9115
3.0273
2.5394
2.5587
2.2936
0.97273
0.83439
0
0.83439
0.83439
0.83439
1.0219
1.0219
1.3193
1.3193
1.3193
1.3193
1.3193
1.3193
1.18
1.3193
1.0219
1.0219
1.18
1.18
1.4452
1.4452
1.4452
1.4452
1.4452
1.4452
1.4452
1.4452
1.4452
1.5292
1.5292
1.5292
1.5292
1.5292
1.5292
1.5292
1.5292
1.5292
1.5292
1.5292
1.5292
1.5292
1.6089
1.5292
1.8516
1.7829
2.0661
2.0046
2.0661
2.0046
2.0661
2.0046
2.0661
2.0046
2.0661
2.0046
1.98
2.0046
2.0661
2.0046
2.0661
2.0046
2.0661
2.0046
2.0661
2.0046
2.0661
2.0046
2.0661
2.0046
2.0661
2.0046
2.0661
2.0046
2.0661
2.0046
2.0661
2.0046
2.0661
2.0046
2.0661
2.0046
2.0661
2.0046
2.0661
2.0046
2.0661
2.0046
2.0661
2.0046
2.0661
2.0046
2.0661
2.0046
2.0661
2.0046
2.0661
1.9413
2.0046
1.9413
2.0046
1.9413
2.0046
1.9413
2.0046
1.9413
2.0046
1.9413
2.0046
1.9413
2.0046
1.9413
1.5756
1.427
2.2602
2.2402
2.0422
2.2402
2.0661
2.3906
2.3586
2.8191
2.6171
2.792
2.6171
2.6644
2.7094
2.8176
2.8602
3.0211
2.963
3.1185
2.8787
3.0387
2.8364
3.0795
2.8364
3.213
2.9218
3.2887
3.2504
3.5625
3.2874
3.5974
3.3252
3.6785
3.4982
3.9002
3.5337
3.8227
3.4128
3.698
3.4492
3.8553
3.3984
3.9311
3.47
3.8426
3.4195
3.8426
3.47
3.9695
3.589
3.7053
3.2562
3.3321
2.9541
0.97273
1.2993
1.3365
0.92092
0.97273
1.2026
1.1377
1.5441
1.2816
1.2816
1.2816
1.2816
1.4609
1.4609
1.9159
1.8227
1.953
1.953
2.1006
2.1006
2.2602
2.2602
2.3149
2.3149
2.2384
2.2384
2.3682
2.3682
2.5394
2.5394
2.5394
2.5394
2.5394
2.5394
2.5394
2.5394
2.5394
2.5882
2.5394
2.636
2.5882
2.683
2.5882
2.7292
2.7457
2.879
2.8946
3.0214
2.8946
3.0214
2.8946
3.0214
2.9374
3.0624
2.9374
3.0624
2.9374
3.0214
2.9374
2.9797
2.9374
2.9797
2.9374
2.9797
2.9374
2.9797
2.9374
2.9797
2.9374
2.9797
2.9374
2.9797
2.9374
2.9797
2.9374
2.1837
2.1257
2.1837
2.1257
2.1837
2.1257
2.1837
2.1257
2.1837
2.1257
2.1837
2.1257
2.1837
2.1257
2.1837
2.1257
2.1837
2.1257
2.1837
2.1257
2.1837
2.1257
2.1837
2.1257
2.1837
2.1257
2.1837
2.1257
2.1837
2.1257
2.1837
2.0661
2.1257
2.0046
2.0661
2.0046
2.0046
2.0046
2.336
2.336
2.4789
2.2818
2.2818
2.0046
2.0046
2.0046
2.0046
2.0046
2.0046
1.9413
1.9413
2.0661
1.825
3.3173
3.3919
3.2506
3.1979
3.5274
3.3786
4.1055
4.2937
4.1165
4.1938
3.7721
4.0684
4.087
4.0553
4.0563
3.8496
3.9942
3.8169
3.8298
3.8051
3.8623
3.8819
3.658
3.7257
3.6237
3.692
3.5765
3.692
4.2937
3.7471
3.8191
4.2308
4.0452
4.1895
4.2308
4.3009
4.5521
4.4197
4.5521
4.3525
4.2424
3.94
3.741
3.9092
4.0452
4.1895
4.4589
4.9579
4.4969
4.68
4.306
4.6377
4.0693
4.5237
3.7991
4.4299
3.876
4.6742
4.2263
4.9072
4.3236
4.7226
4.2779
4.6588
3.8574
4.1357
3.3129
4.2884
3.7002
4.5295
3.8329
4.3964
3.7991
4.3964
3.7002
4.0571
3.3117
3.6455
2.9885
3.4646
3.0462
3.5986
3.1811
3.4152
3.3984
3.275
2.8696
2.8881
2.607
2.5618
2.5587
2.5125
2.4188
2.7566
2.3682
2.5998
1.8661
2.0442
1.727
2.1276
2.0067
2.2079
1.918
2.2402
2.3586
2.7109
2.5793
2.6459
2.3889
2.4623
2.3377
2.532
2.3377
2.6273
2.6459
2.8617
2.9808
3.2817
3.0062
3.3558
3.0475
3.3929
2.9898
3.1428
2.8016
3.0869
3.1041
3.6529
3.3638
3.5712
3.2737
3.5563
3.2968
3.6869
3.2366
3.2599
3.2061
3.423
3.5221
3.7207
3.6394
3.7862
3.7399
3.8389
3.7851
3.9716
3.9524
3.8517
3.9952
4.1605
3.94
3.9716
3.9071
4.0274
3.753
3.9716
3.6725
3.7732
3.6858
3.5297
4.1947
4.2128
4.276
3.7075
4.153
3.877
3.8436
3.7541
3.7002
3.606
4.0934
4.1967
4.3575
4.1668
4.2769
4.184
4.4419
4.1422
4.1
3.9092
4.0693
4.1723
4.3637
4.2956
4.6751
4.4699
4.8107
4.3463
4.6107
3.877
4.0264
4.2244
4.3113
4.1412
4.2832
4.153
4.3227
4.0375
4.4419
4.0506
4.0264
3.521
3.753
3.4362
3.9207
4.1947
4.0074
3.9771
4.2654
4.0197
4.1063
3.6991
3.7791
3.1259
3.4504
1.3395
1.0219
1.0219
0.83439
0.83439
0.59
0.59
0.59
0.59
0.59
0.83439
0.83439
1.3365
1.3365
1.4609
1.3727
1.2394
0.83439
0.59
0.59
0.83439
0.83439
1.0219
1.18
1.561
1.6688
1.561
1.4452
1.561
1.561
1.6688
1.3193
1.4452
1.18
1.4452
1.18
1.8102
1.7113
2.1938
2.029
2.5197
2.3776
2.5002
2.3569
2.3998
2.2501
2.3793
2.1487
2.305
2.1487
2.4805
2.4093
2.6913
2.5093
2.5778
2.439
2.6715
2.5587
2.8416
2.843
2.945
2.9871
3.324
3.2341
3.3092
3.1643
3.1246
2.9707
2.9707
2.8083
2.5394
2.5882
2.5394
2.7193
2.52
2.7457
2.6345
3.0523
2.8946
3.2411
3.0523
3.3827
3.1643
3.2944
3.1488
3.2944
3.1488
3.2944
3.1332
3.2411
3.1332
3.2795
3.2272
3.3839
3.2272
3.2036
3.1345
3.1101
2.8193
2.9555
2.9221
3.0943
3.1188
3.2424
3.1345
3.2956
3.1741
3.2424
3.1345
3.1656
3.1345
3.2807
2.9811
2.9541
2.7746
2.9975
2.4642
2.5021
2.2082
2.3265
2.21
2.3492
2.6477
2.7471
2.8193
3.0138
2.9811
2.972
2.5516
2.4018
2.4315
2.4732
2.4824
2.6376
2.7292
2.8539
2.9402
3.0151
3.0389
3.1513
3.1201
3.4219
3.1201
3.2968
2.9235
3.1908
3.1599
3.3198
3.1599
3.3198
3.1599
3.3198
3.1599
3.3198
3.1599
3.3198
3.1992
3.4801
3.3279
3.5987
3.4518
3.7136
3.7004
3.7922
3.7004
3.7922
3.7004
3.7591
3.7922
3.7591
3.7922
3.6457
3.7004
3.6457
3.7004
3.6457
3.7004
3.7257
3.7922
3.7257
3.7922
3.8496
3.7591
3.7591
3.692
3.692
3.5765
3.4789
3.4428
3.5976
3.5627
3.5976
3.5627
3.5976
3.5627
3.6322
3.5627
3.6322
3.5627
3.6322
3.5627
3.6322
3.5627
3.6322
3.5627
3.5976
3.5274
3.5627
3.3548
3.3919
3.0375
3.3548
3.0375
3.3548
3.0375
3.3548
2.8946
3.1332
2.7277
2.9374
2.5005
2.7277
2.52
2.6815
2.4699
2.52
2.2602
2.3682
2.5288
2.8602
2.4093
2.5967
1.7551
2.0046
1.7829
2.0897
1.6824
2.0046
1.7829
1.7829
1.5292
1.5292
1.7421
1.7421
1.7421
1.7421
1.9685
1.9685
2.1714
2.1714
2.3569
2.0897
2.1487
1.9434
2.2282
2.031
2.2836
2.2282
2.4093
2.4093
2.673
2.6258
2.9283
2.9283
3.1088
3.0684
3.2023
3.0684
3.1488
3.1488
3.2795
3.2795
3.2795
3.2795
3.2795
3.2795
3.2795
3.2795
3.2795
3.3173
3.3173
3.3548
3.3173
3.3173
3.2795
3.3173
3.2795
3.3173
3.2795
3.3173
3.2795
3.3173
3.2795
3.3173
3.2795
3.3173
3.2795
3.3173
3.1488
3.1882
3.0124
3.0537
2.8696
2.9129
2.8257
2.8696
2.7635
2.8083
2.6997
2.653
2.5866
2.6345
2.653
2.6055
2.6715
2.5587
2.5778
2.8853
2.7358
2.8853
2.7358
2.8853
2.6715
2.7178
2.7178
2.7178
2.8243
2.8682
2.7812
2.5587
2.3149
2.7826
2.5109
2.2402
2.018
1.7979
1.0937
0.92092
0.59
0.59
0.59
0.59
0.83439
0.83439
1.0219
1.18
1.3193
1.3193
1.3193
1.3193
1.18
1.18
1.18
1.18
1.0219
1.18
1.18
1.3193
1.4452
1.561
1.4452
1.561
1.4452
1.561
1.4452
1.561
1.4452
1.561
1.4452
1.561
1.4452
1.561
1.4452
1.561
1.4452
1.561
1.4452
1.6391
1.5292
1.7137
1.6089
1.9434
1.8516
2.1487
2.0661
2.336
2.0661
2.336
2.0661
2.336
2.0661
2.336
2.0661
2.336
2.0661
2.336
2.0661
2.336
2.0661
2.336
2.0661
2.336
2.0661
2.336
2.0661
2.336
2.0661
2.336
2.0661
2.336
2.0661
2.336
2.0661
2.336
2.0661
2.336
2.0661
2.336
2.0661
2.336
2.0661
2.336
2.0661
2.336
2.0661
2.336
2.0661
2.336
2.0661
2.336
1.98
2.2602
2.2721
2.4699
2.1942
2.3457
2.2164
2.4188
2.2936
2.439
2.3889
2.5778
2.3889
2.459
2.336
2.3032
2.0046
2.1468
1.8495
1.8495
1.6064
1.7113
1.5292
1.3193
1.18
1.0219
1.0219
1.18
1.3193
1.3193
1.4452
1.8102
1.6688
1.8102
1.561
2.029
1.9039
2.0046
1.9413
2.1468
2.1468
2.2602
2.2818
2.336
2.6258
2.607
2.8853
2.8682
2.9283
2.9115
3.0684
3.0523
3.1088
3.093
3.1488
3.1332
3.1488
3.1728
3.1488
3.1728
3.1488
3.1728
3.1488
3.1728
3.1488
3.212
3.1882
3.2506
3.3173
3.2889
3.3548
3.2889
3.3548
3.2889
3.3548
3.2889
3.3548
3.2889
3.3548
3.2889
3.3548
3.2889
3.3548
3.2889
3.3548
3.1586
3.2272
3.0227
3.0943
2.8804
3.0943
2.7746
2.896
2.7112
2.7908
2.6462
2.6815
2.55
2.6345
2.8179
2.8511
2.9374
3.0111
3.0375
3.0684
3.1728
2.9707
2.8352
2.8682
2.879
2.9115
2.8352
2.8946
3.0943
3.055
3.521
3.521
3.2725
3.2048
3.0856
2.541
2.6258
2.1044
2.262
1.427
0.83439
0.83439
0.83439
0.83439
0.83439
1.0219
1.0219
1.3193
1.3193
1.3193
1.3193
1.3193
1.3193
1.3193
1.18
1.0219
1.0219
1.18
1.18
1.4452
1.4452
1.4452
1.4452
1.4452
1.4452
1.4452
1.4452
1.4452
1.4452
1.4452
1.4452
1.4452
1.4452
1.3193
1.3193
1.18
1.18
1.0219
1.0219
1.18
1.18
1.3193
1.3193
1.8102
1.878
2.0897
2.1468
2.2264
2.029
1.9413
1.8495
1.8495
1.8495
1.9413
1.9413
2.113
2.029
2.113
2.029
2.113
2.029
2.113
2.2264
2.3032
2.2264
2.3032
2.2264
2.3032
2.2818
2.3569
2.2818
2.4789
2.459
2.6898
2.5762
2.6898
2.6715
2.7812
2.6715
2.7812
2.5587
2.7358
2.4406
2.5778
2.336
2.5288
2.336
2.5288
2.336
2.5288
2.336
2.5288
2.336
2.5288
2.5093
2.5288
2.5093
2.6898
2.6715
2.8416
2.7178
2.9858
2.336
2.5288
2.5288
2.5288
2.5288
2.5288
2.5288
2.5288
2.5288
2.2818
3.2023
3.3919
3.1332
3.212
3.1332
3.1728
3.1332
3.0375
2.9961
2.896
2.8525
2.7471
2.5882
2.636
2.4699
2.52
2.3457
2.52
2.3665
2.5394
2.439
2.8257
2.6898
2.8682
2.459
2.7812
2.6898
2.7635
2.439
2.4897
2.2584
2.5394
2.1819
2.2402
1.9551
1.9319
2.079
0.59
0.83439
0.83439
0.59
0.59
0.83439
0.83439
1.0219
1.18
1.3193
1.3193
1.3193
1.3193
1.3193
1.3193
1.18
1.0219
1.0219
1.18
1.18
1.3193
1.4452
1.4452
1.4452
1.4452
1.4452
1.4452
1.4452
1.4452
1.4452
1.4452
1.4452
1.3193
1.3193
1.9551
1.727
1.6231
1.653
1.653
1.7551
1.7551
1.878
1.878
2.0897
2.0046
2.2264
2.4076
2.4076
2.0641
2.1238
2.2584
2.3342
2.2042
2.4093
2.2264
2.4093
2.1487
2.4607
2.1487
2.4607
2.336
2.4093
2.2818
2.4093
2.459
2.5288
2.5762
2.6898
2.5762
2.7973
2.6243
2.6898
2.6243
2.6898
2.6715
2.7358
2.7178
2.8853
2.9115
3.0684
3.093
3.2023
3.093
3.2023
3.093
3.2023
3.093
3.2023
3.093
3.2023
3.093
3.2023
3.093
3.2023
3.093
3.2023
3.093
3.2023
3.093
3.2023
3.093
3.2023
3.093
3.2023
3.093
3.2023
3.093
3.0684
2.9541
2.9283
2.8083
2.7358
2.3889
2.5394
2.653
2.1942
2.4188
2.2164
2.439
2.2936
2.6715
2.4897
2.7797
2.3149
2.6243
2.3149
2.6715
2.2936
2.6055
2.4188
2.762
2.4699
2.7178
2.2384
2.4897
2.2721
2.4188
2.1364
2.2366
1.9298
2.1006
2.1364
2.2366
1.953
1.953
1.7246
1.7528
1.5756
1.18
1.3193
1.3193
1.6064
1.6064
1.7528
1.7528
1.978
2.1238
2.1006
2.2384
2.2384
2.3149
2.4406
2.5109
2.4406
2.5109
2.4913
2.5602
2.6546
2.7193
2.6546
2.7193
2.6546
2.7193
2.6546
2.7193
2.6546
2.7193
2.6546
2.7649
2.7012
2.8098
2.7471
2.9555
2.896
3.0943
3.0375
3.2272
3.1728
3.3548
3.1728
3.3548
3.0375
3.2272
2.8352
3.0375
2.5691
2.8352
2.3984
2.7277
2.4699
2.7908
2.4897
2.8257
2.6258
2.8867
2.7358
2.9871
2.7358
3.1246
2.8243
3.0523
2.8069
3.1088
2.8682
3.2036
3.0287
3.2575
3.0287
3.2956
3.0697
3.4207
3.0697
3.2956
2.9297
3.1656
2.7826
2.9885
2.7373
3.0856
2.7373
3.2189
2.843
3.3092
2.9871
3.3468
3.0843
3.3092
3.0287
3.3092
3.1643
3.47
3.3321
3.5059
3.3321
3.5413
3.3694
3.6237
3.4559
3.589
3.4195
3.4195
3.2411
3.2023
3.0111
3.2411
3.3548
3.3919
3.3173
3.3173
2.9961
3.1488
3.0523
3.1488
2.9541
3.2795
3.093
3.3173
3.1332
3.3548
3.1728
3.3919
3.1728
3.3919
3.1728
3.3919
3.1728
3.3919
3.1728
3.3919
3.1728
3.3919
3.1728
3.3919
3.1728
3.3919
3.1728
3.3919
3.0375
3.2657
3.0375
3.1345
2.896
2.9975
2.8525
2.896
2.683
2.6173
2.4699
2.45
2.45
2.52
2.6345
2.6997
2.7635
2.7812
2.5587
2.6546
2.5109
2.7635
2.636
2.6997
2.52
2.6997
2.5691
3.0287
2.7635
2.7358
2.541
2.5109
2.4716
2.3149
1.8661
2.0422
1.8922
1.8661
0.83439
0.83439
0.83439
0.59
0.59
0.83439
1.0219
1.0219
1.18
1.3193
1.3193
1.3193
1.3193
1.3193
1.3193
1.18
1.0219
1.0219
1.18
1.18
1.3193
1.4452
1.4452
1.4452
1.4452
1.4452
1.4452
1.4452
1.4452
1.4452
1.4452
1.4452
1.4452
1.4452
1.4452
1.4452
1.4452
1.4452
1.4452
1.4452
1.4452
1.4452
1.4452
1.5292
1.7113
1.7829
1.9413
2.0046
2.0046
2.0046
2.0046
2.0046
2.0046
2.0046
2.0046
2.0046
2.0046
2.0046
2.0046
2.0046
2.0046
2.0046
2.0046
2.0046
2.0046
2.0046
1.8495
2.0046
1.8495
2.0046
1.8495
2.0046
1.9413
2.0046
1.9413
2.0046
1.9413
2.0046
1.9413
2.0046
1.9413
2.0046
1.8495
2.0046
1.9413
2.0046
2.0046
2.0046
2.0046
2.0046
1.9413
2.0046
2.0046
2.0046
2.0046
2.0046
2.0046
2.0046
2.0046
2.0046
2.0046
2.0046
1.9413
2.0046
1.9413
2.0046
1.9413
2.0046
2.0046
2.0661
2.0661
2.0046
1.7551
2.336
3.0021
2.9616
2.8162
2.7537
2.7973
2.7797
2.9436
2.8853
3.1785
3.0843
3.2328
3.1798
3.2712
3.1798
3.2712
3.2189
3.3092
3.3468
3.47
3.3839
3.47
3.3839
3.47
3.3839
3.47
3.3839
3.47
3.3839
3.47
3.3839
3.47
3.3839
3.5059
3.5059
3.6237
3.6237
3.658
3.658
3.658
3.658
3.658
3.658
3.658
3.658
3.658
3.6237
3.658
3.6237
3.658
3.5059
3.5059
3.4559
3.3321
3.2795
2.9541
3.0523
2.8511
3.0111
2.8511
3.0684
2.8682
3.1246
3.0684
3.2712
3.1402
3.0448
2.8257
2.607
2.607
2.4607
2.673
2.6258
2.7193
2.843
2.843
3.1015
2.9885
3.0856
2.843
2.843
2.5602
2.4913
2.018
2.1819
1.6231
1.4298
1.0219
1.0219
0.83439
0.83439
0.83439
0.83439
1.0219
1.0219
1.3193
1.3193
1.3193
1.18
1.3193
1.3193
1.3193
1.18
1.0219
1.0219
1.18
1.18
1.4452
1.3193
1.4452
1.3193
1.4452
1.3193
1.4452
1.3193
1.4452
1.3193
1.4452
1.3193
1.4452
1.3193
1.4452
1.3193
1.4452
1.3193
1.4452
1.3193
1.4452
1.3193
1.4452
1.3193
1.7113
1.6064
1.9413
1.6824
1.9413
1.6824
1.9413
1.6824
1.9413
1.6824
1.9413
1.6824
1.9413
1.6824
1.9413
1.6824
1.9413
1.6824
1.9413
1.6824
1.9413
1.6824
1.9413
1.6824
1.9413
1.6824
1.9413
1.6824
1.9413
1.6824
1.9413
1.6824
1.9413
1.6824
1.9413
1.6824
1.9413
1.6824
1.9413
1.6824
1.8495
1.6824
1.8495
1.6824
1.8495
1.6824
1.9413
1.6824
1.9413
1.6824
1.9413
1.6824
1.9413
1.6824
1.9413
1.6824
1.8495
1.6824
1.9413
1.6824
1.9413
1.6824
1.9413
1.6824
1.9413
1.6824
1.9413
1.6824
1.7829
2.8696
2.8257
2.6546
2.673
2.607
2.6258
2.607
2.673
2.6546
2.7649
2.7012
2.9129
2.8525
3.0537
2.9961
3.1882
3.1332
3.3173
3.1332
3.3173
3.1332
3.3173
3.1332
3.3173
3.1332
3.3173
3.1332
3.3173
3.1332
3.3173
3.1332
3.3173
3.1332
3.3173
3.1332
3.3173
3.1332
3.3173
3.1332
3.3173
3.1332
3.3173
3.1332
3.3173
3.1332
3.3173
3.1332
3.3173
3.1332
3.3173
3.1332
3.3173
3.1332
3.3173
3.1332
3.3173
3.1332
3.3173
3.1332
3.3173
3.1332
3.3173
3.1332
3.3173
3.1332
3.3173
3.1332
3.3173
3.1332
3.3173
3.1332
3.3173
3.1332
3.2795
2.336
2.5288
2.2818
2.4789
2.2264
2.2264
1.9413
1.9413
1.6064
1.8922
3.4195
3.3827
3.2411
3.2023
3.2411
2.336
2.2818
2.1257
2.1257
3.2795
3.2795
3.7509
3.7509
3.6237
3.6836
3.3321
3.4338
3.4195
3.3456
3.2411
2.9707
3.0684
3.0111
3.1088
3.0523
2.7635
2.9115
2.607
2.9388
2.7307
3.4219
3.6663
3.4219
4.0085
4.3246
4.6864
4.335
4.4428
4.0095
4.2539
1.6692
1.0219
1.0219
0.83439
0.83439
0.59
0.59
0.59
0.59
1.2993
1.2993
1.3365
1.3365
1.3365
1.3365
1.3727
1.4941
1.18
1.18
1.0219
1.3193
1.4452
1.3193
1.18
1.3193
1.4452
1.3193
1.3193
1.4452
1.3193
1.4452
1.4109
1.561
1.4452
1.4452
1.6391
1.4452
1.8102
1.561
1.561
1.561
1.4452
1.561
1.4452
1.561
1.18
1.3193
1.2816
1.6064
1.5756
1.8495
1.8227
2.0641
2.1006
2.4076
2.2042
2.5288
2.3149
2.459
2.459
2.1819
2.0402
2.3131
2.459
2.6444
2.5288
2.5967
2.6898
2.6913
2.5778
2.6444
2.6629
2.4093
2.3889
2.4607
2.2282
2.336
2.4821
2.6444
2.3569
2.8162
2.4805
2.9372
2.8773
3.0198
2.7275
3.0373
2.6171
2.7987
2.4805
2.5394
2.5093
2.6997
2.843
2.9129
3.0048
3.348
3.3252
3.2587
3.2353
3.348
3.2504
3.2061
3.3265
3.2436
3.3252
3.4801
3.9012
3.5776
3.8691
3.4087
3.5349
3.3572
3.5701
2.9235
3.348
2.9221
3.3105
2.8804
3.4492
3.0956
3.4128
3.1895
3.414
3.2048
3.3468
3.4362
3.3984
3.5563
3.4492
3.5563
3.435
3.4219
3.5349
3.2074
3.4504
3.4373
3.521
3.2981
3.5701
3.606
3.9514
3.9217
4.0506
3.4594
3.4219
3.2461
3.5913
3.192
3.507
3.5233
3.8436
3.8002
4.1119
3.6747
3.9207
3.3572
3.4723
2.3397
2.3589
1.6876
2.1735
2.1298
2.6173
2.5323
2.8525
2.7569
2.9961
2.7746
2.9541
2.5021
2.7457
2.6173
2.7277
2.6173
2.7908
2.7292
2.896
3.0389
3.1345
3.0389
3.0943
3.0389
3.0943
3.0389
3.0943
3.0389
2.9388
2.9235
2.9388
2.9235
2.9811
2.9235
2.9811
2.9235
2.8367
2.6662
2.5707
2.5037
2.6189
2.6189
2.7292
2.9388
3.0784
3.212
3.212
3.212
3.2506
3.212
3.212
3.212
3.1188
3.1728
3.0624
3.2657
3.1586
3.3919
3.2889
3.3919
3.2889
3.3919
3.2889
3.3919
3.2506
3.3548
3.2657
3.1728
3.0784
3.1332
2.8352
2.9374
2.5985
2.7277
2.3053
2.45
2.3265
2.4699
2.4001
2.7635
2.6546
2.9707
2.8525
3.1088
2.9541
3.1088
2.7908
2.8069
2.6815
2.9115
2.7908
2.8257
2.7012
2.4913
2.5216
2.4205
2.4716
2.3149
2.4913
2.3889
2.5602
2.4805
2.7373
2.6444
2.8257
2.7537
2.843
2.5967
2.5587
2.2818
2.3149
2.3569
2.336
2.5304
2.4607
2.6913
2.6258
2.8867
2.8257
3.1643
2.673
2.8867
2.5602
2.9297
2.5602
2.9297
2.5109
2.8867
2.673
2.7826
2.673
2.6258
2.5587
2.5587
2.3474
2.2384
2.1593
2.3149
2.52
2.9283
2.8682
3.0843
2.9707
3.1402
3.1088
3.1246
2.9707
3.0684
2.8946
3.0684
2.9541
3.1246
3.0537
3.2725
3.2424
3.3984
3.2424
3.2725
3.1101
3.2725
3.1101
3.2725
3.1101
3.3614
3.2036
3.3984
3.2424
3.3614
3.2036
3.3984
3.2424
3.3614
3.2036
3.2725
2.9297
3.3984
3.0697
3.5198
3.2036
3.6372
3.3321
3.7174
3.4559
3.7174
3.4195
3.554
3.2795
3.2562
3.1488
3.1246
2.8083
2.9707
2.7649
3.1643
3.0124
3.2562
3.0124
3.2023
2.9115
3.0684
2.6997
2.8243
2.6345
2.7164
2.3457
2.439
2.1025
2.5093
2.4897
2.8853
2.7358
3.0435
2.6715
2.6715
2.4897
2.6715
2.3149
2.4897
2.1257
2.439
2.0422
2.3682
2.1257
2.6715
2.5587
2.9283
2.7987
3.1002
2.945
3.0448
2.945
3.1402
2.7987
2.9871
2.7178
2.9871
2.7812
3.0856
2.9464
3.3252
3.0856
3.3252
3.2189
3.2725
3.1643
3.2575
3.2036
3.2956
3.2036
3.2575
3.2036
3.1259
3.0697
2.9885
3.0697
2.9885
3.0697
3.0856
3.1643
3.2189
3.2036
3.3468
3.2944
3.47
3.4559
3.589
3.4195
3.47
3.3321
3.5059
3.4559
3.6237
3.4559
3.6237
3.4559
3.6237
3.4559
3.6237
3.4559
3.6237
3.4559
3.6237
3.3321
3.6237
3.3321
3.658
3.2944
3.6237
3.3827
3.6237
3.4195
3.6237
3.2562
3.5059
3.1088
3.2944
2.9115
3.1088
2.8682
3.0111
2.8682
2.8069
2.6997
2.8243
2.7178
2.9693
2.8682
3.1785
3.0843
3.2328
2.9858
3.083
2.8243
3.0435
2.7358
2.7987
2.6055
2.7358
2.5093
2.6444
2.4607
2.9205
2.6913
2.963
2.7358
2.7358
2.4897
2.3682
2.2384
2.1238
1.8901
2.1819
1.9159
2.1468
1.7829
2.0897
2.0897
2.0897
1.98
1.7829
1.8901
1.98
2.1819
2.3149
2.5587
2.7178
2.8257
3.0697
2.8867
2.8867
2.8867
2.7826
2.673
2.7193
2.8257
2.9297
3.0697
2.972
2.8867
2.9297
2.9297
2.8272
2.8867
2.8867
2.8867
2.6745
2.9297
2.8867
3.0287
3.1101
3.2036
3.2562
3.3827
3.3694
3.2424
3.2944
3.2036
3.2424
3.2424
3.3321
3.2036
3.2424
3.2807
3.4063
3.4063
3.3694
3.4918
3.4918
3.5274
3.3321
3.2272
2.9707
3.1332
2.9541
2.8946
2.9115
3.0523
3.1088
3.1643
3.1798
3.3092
3.3092
3.3984
3.3092
3.3972
3.2712
3.2176
3.0523
3.1088
3.0273
3.2036
3.1798
3.1415
2.7987
2.8445
2.6913
2.8445
2.6444
2.8002
2.4805
2.8867
2.5778
2.843
2.5288
2.673
2.5967
2.7987
2.7079
2.6913
2.7079
2.8602
2.8588
2.9464
2.9022
3.2712
3.0435
3.1088
2.9269
3.1088
2.8069
2.9374
2.7732
3.1088
2.879
3.0124
3.0214
3.1488
3.0214
3.1088
2.8352
3.0684
2.7908
3.0684
2.7908
3.0684
2.8946
3.0684
2.9797
3.0684
2.9374
3.0684
2.9797
3.0684
2.9797
3.1088
2.9221
3.0124
2.9646
3.0124
3.0064
3.0124
3.0064
3.1088
3.103
3.2411
3.143
3.2411
2.9053
3.0523
2.693
2.8511
2.4824
2.5394
2.307
2.607
2.3796
2.7635
2.2504
2.653
2.3265
2.653
2.52
2.8243
2.52
2.8243
2.6815
2.9693
2.8352
3.0684
2.7732
3.0684
2.7732
3.0111
2.9961
3.2956
3.7327
3.5221
3.7661
3.6049
3.7327
3.5701
3.6991
3.5701
3.7661
3.6049
3.7327
3.6049
3.7327
3.6049
3.7327
3.6049
3.8436
3.7196
3.9514
3.5563
3.7981
3.6383
3.875
3.6383
3.875
3.6372
3.7185
3.5765
3.5552
3.5413
3.47
3.5765
3.5413
3.5901
3.47
3.3694
3.5059
3.5552
3.47
3.2036
3.3839
2.9129
3.1488
3.0138
3.1643
2.9961
3.1488
2.9961
3.0684
3.1488
3.1643
3.2575
3.1952
3.3468
3.3092
3.2575
3.324
3.3468
3.2712
3.3173
3.3456
3.3321
3.4338
3.507
3.4841
3.5901
3.5198
3.507
3.3984
3.493
3.2956
3.3706
3.4207
3.3333
3.3468
3.435
3.5198
3.3839
3.3468
3.2036
3.2944
2.8696
2.196
1.9936
1.6692
1.1611
1.2642
1.2026
1.6692
1.6983
1.7979
1.727
1.7551
1.5781
1.7829
1.7551
1.5756
1.653
1.8227
1.653
1.8901
1.5781
1.653
1.5292
1.7551
1.3756
1.4637
1.2816
1.4968
1.5781
1.918
1.878
1.878
1.7137
1.8516
1.878
1.8516
1.7829
1.6824
1.9159
2.0661
2.2818
2.2042
2.336
2.4406
2.5778
2.7178
2.7812
2.7635
2.9283
2.8511
2.9115
2.9541
3.1488
3.093
3.1488
3.093
3.1488
3.093
3.1488
3.093
3.1488
3.093
3.1488
3.093
3.1488
3.1332
3.2795
3.1728
3.3173
3.212
3.3548
3.212
3.3548
3.212
3.3548
3.1728
3.1882
3.0784
3.0943
2.879
2.7292
2.6647
2.636
2.6173
2.636
2.8352
2.8525
2.9129
3.0124
3.0537
3.093
3.0537
3.1488
3.0124
2.9541
2.9797
2.9374
2.8525
2.9129
2.9143
2.8098
3.0138
2.9555
2.871
2.9129
3.0138
3.0537
3.0138
3.0537
3.1101
3.1488
3.2036
3.0375
3.0448
2.8867
3.3105
2.8867
3.2956
3.1246
3.2575
3.0273
3.2807
3.1643
3.5413
3.4195
3.692
3.4559
3.692
3.3694
3.6112
3.4063
3.7257
3.5765
3.5627
3.2807
3.2657
3.2807
3.0784
3.0943
2.896
3.0537
2.9961
3.0943
3.0375
2.7635
2.6345
2.1942
2.5005
2.0553
2.1364
1.7704
2.079
2.2182
2.3682
2.2936
2.4406
2.4205
2.7635
2.6997
2.8682
2.45
2.4699
2.3474
2.2936
2.2953
2.3474
1.8661
2.1611
1.8661
2.1611
2.079
2.2936
2.1611
2.3889
2.3682
2.6258
2.673
2.8602
2.843
2.8602
2.673
2.7812
2.5109
2.6913
2.4623
2.5793
2.2854
2.6459
2.6928
3.0211
3.1964
3.1415
2.9464
2.7373
2.3682
2.2602
1.7956
1.8901
1.5441
1.7551
1.8901
2.1487
2.2602
2.4093
2.5093
2.3569
2.2602
1.9434
1.825
2.0046
2.1593
2.5093
2.5394
2.7987
2.8696
3.0856
3.0943
3.2725
2.972
2.9464
2.6561
2.9297
2.5897
3.0462
2.871
3.1811
3.1501
3.348
3.1501
3.3105
3.1501
3.348
3.1501
3.3105
3.0138
3.2201
3.0956
3.4712
3.356
3.5901
3.4789
3.7053
3.5147
3.7053
3.5147
3.7053
3.5147
3.5901
3.3931
3.5901
3.5147
3.5901
3.5147
3.6714
3.2889
3.4918
3.103
3.1882
2.7112
3.093
2.9221
3.2411
2.9388
3.2189
2.8539
3.0697
2.9811
3.1259
2.9555
3.1643
2.879
3.1088
2.879
3.3468
3.1345
3.5059
3.2272
3.2944
3.0537
3.1088
3.0124
3.0843
3.0124
3.0843
2.9283
3.0843
3.0124
3.1246
3.1088
3.2562
3.0124
3.2562
3.1488
3.2562
3.1488
3.2562
3.1488
3.2562
3.1882
3.3827
3.3173
3.4195
3.3173
3.4195
3.3173
3.2411
3.3548
3.1728
3.9379
3.4285
3.6237
3.2506
3.4918
3.0624
3.2795
2.7277
2.45
2.55
2.8946
2.7908
2.9115
2.9541
3.1643
3.2036
3.2562
3.2036
3.1088
2.9541
3.2562
3.0537
3.2411
3.0124
3.2562
3.1101
3.3984
3.348
3.5198
3.348
3.5198
3.348
3.5552
3.348
3.3984
3.2201
3.2725
3.0869
3.1415
2.9477
3.1015
2.905
3.0287
2.8867
2.5394
2.7812
2.4001
2.5882
2.4205
2.607
2.541
2.9297
2.8867
3.2712
3.0697
3.4841
3.2944
3.554
3.1088
3.3827
3.2411
3.2562
3.2189
3.1643
3.1964
3.0856
2.8445
2.9885
2.9464
3.0448
2.9464
3.0035
2.8602
2.9022
2.6913
2.7358
2.5967
2.6429
2.4805
2.6444
2.5497
2.9036
2.8002
3.1798
3.0448
3.2712
3.1798
3.3092
3.3468
3.3468
3.4195
3.4559
3.5059
3.5413
3.3321
3.457
3.3694
3.5765
3.4918
3.5765
3.6237
3.658
3.658
3.692
3.6237
3.658
3.658
3.692
3.5059
3.658
3.3694
3.4207
3.4207
3.4207
3.3468
3.1501
3.1101
3.0943
3.0124
2.9961
3.0375
2.9541
2.9374
2.8525
2.683
2.6546
2.6173
2.5216
2.4001
2.2522
2.2721
2.1735
2.52
2.5985
2.9541
2.683
2.8257
2.4205
2.8098
2.541
2.9129
2.6546
2.8083
2.7277
2.9541
2.7908
3.0943
2.9388
3.1656
2.9555
2.9885
2.6561
2.8445
2.5426
2.6273
2.6561
2.541
2.3492
2.02
1.9319
1.8922
2.079
2.1257
2.1611
1.8516
2.2953
2.068
2.02
2.1837
1.8944
2.2061
2.2953
2.5394
2.5691
2.6997
2.8352
2.9707
3.1188
3.1488
3.0784
2.9707
2.9646
3.0375
3.0227
3.1882
3.0227
3.0943
3.1188
3.2272
3.1188
3.0943
3.0784
3.2657
3.0784
3.2657
3.0784
3.2657
3.0784
3.2657
3.0784
3.3038
3.212
3.4285
3.2506
3.4285
3.0624
3.212
3.0214
3.212
3.0624
3.2506
3.0784
3.212
2.9221
3.0214
2.6173
2.8352
2.7732
3.0375
2.9374
3.1882
2.8525
2.9961
2.896
2.9797
2.636
2.7457
2.4716
2.7277
2.5691
2.7457
2.7649
3.1656
3.1259
3.2424
3.0856
3.3468
2.9885
2.8525
2.607
2.6997
3.3105
3.3996
3.1811
3.5487
3.1428
3.3265
3.0869
3.0462
3.0462
3.1964
3.1811
3.4634
3.4853
3.6309
3.4853
3.6309
3.4853
3.7448
3.6038
3.5826
3.4492
3.4982
3.5198
3.5689
3.7185
3.8099
3.797
3.7639
3.8298
3.797
3.5552
3.6506
3.5059
3.7185
3.7053
3.6847
3.5059
3.5198
3.3839
3.3468
3.1798
3.3092
2.9464
3.2189
3.1246
3.1402
3.0287
3.0684
2.8243
3.0273
3.0523
3.2944
3.163
3.324
3.1246
3.1798
3.0684
3.1246
2.7812
3.0843
2.9871
3.2023
3.1246
3.4481
3.1798
2.9129
2.9707
2.4699
2.018
1.6692
1.6692
1.4792
1.6692
1.8661
2.1611
2.1025
2.1025
2.1837
2.1837
1.98
2.0422
1.5441
1.6231
1.727
1.2026
1.5441
1.653
1.98
2.2282
2.5304
2.4607
2.5602
2.5109
2.5602
2.5109
2.4913
2.3682
2.4406
2.4406
2.5602
2.6745
2.7826
2.8272
2.7826
2.8272
2.8272
2.8272
2.8272
2.8272
2.972
2.972
3.1101
3.1101
3.2424
3.2424
3.3694
3.2424
3.3694
3.2424
3.3694
3.2807
3.4063
3.2807
3.4428
3.4063
3.5627
3.5274
3.5976
3.5274
3.5976
3.5274
3.5976
3.5274
3.5976
3.5274
3.5976
3.5274
3.5976
3.5274
3.5976
3.5274
3.5976
3.5274
3.5976
3.5274
3.5976
3.5274
3.5976
3.5274
3.5976
3.5274
3.5976
3.5274
3.5976
3.5274
3.5976
3.5274
3.5627
3.5274
3.5627
3.4918
3.5627
3.4918
3.5627
3.4918
3.5627
3.4559
3.5274
3.4195
3.4918
3.4559
3.4918
3.4559
3.4918
3.4559
3.4918
3.4559
3.3173
3.3173
3.4559
3.3548
3.4559
3.4559
2.7358
2.5778
2.5288
2.5288
2.4789
2.2818
2.2264
2.0046
1.9413
1.9413
1.6064
1.7551
2.7812
2.9541
2.9115
2.653
2.4699
2.1364
2.1364
2.1364
2.1364
2.1364
2.1593
2.1006
2.1006
1.7956
1.6231
1.8227
1.5441
1.5756
0.97273
0.77337
0
0.59
0.83439
0.59
0.59
0.59
0.59
0.59
0.83439
0.83439
0.83439
0.83439
1.18
1.18
1.18
1.0219
1.0219
1.0219
0.83439
0.83439
0.83439
0.83439
0.83439
1.0219
1.18
1.0219
1.3193
1.0219
0.83439
1.18
1.0219
1.0219
0.83439
0.59
0.83439
1.0219
1.3193
1.18
1.3193
1.18
1.0219
1.0219
0.83439
0.83439
0.59
0.83439
0.77337
0.77337
1.2427
1.3756
1.4968
1.6089
1.7137
1.7137
1.8124
1.8516
1.8516
2.0661
2.2282
2.1487
2.0661
1.9821
1.8922
1.6554
1.7574
1.7574
1.7851
1.8538
2.1505
2.411
2.23
2.5602
2.673
2.7826
2.8867
2.7193
2.9283
2.9541
2.9541
3.0537
2.8696
3.0138
2.8098
3.0389
2.8525
3.0389
2.636
2.9975
2.8352
3.0956
3.0375
3.2819
3.2272
3.356
3.3173
3.493
3.2272
3.356
3.2657
3.3414
3.212
3.3931
3.2506
3.4297
3.2657
3.5007
3.1741
3.5007
3.0389
3.3786
3.1345
3.5147
3.2657
3.5501
3.2272
3.4428
3.0943
3.356
2.8525
2.9388
2.4205
2.6173
2.3474
2.7908
2.3474
2.7012
2.7457
2.972
3.0124
3.0697
2.7457
2.8257
2.7908
2.8257
2.3265
2.0553
2.0771
2.1383
2.1819
2.4716
2.0422
2.079
1.7956
2.0661
1.4609
1.7551
1.5756
1.8516
1.8227
2.031
2.2042
2.2836
2.2042
2.2061
2.2818
2.305
2.1487
2.23
2.2282
2.1732
2.0067
2.4313
2.0661
2.4805
2.0422
2.305
2.2042
2.8602
2.5093
3.0769
2.7079
2.9795
2.5778
3.1172
2.5967
3.0769
2.2061
1.9572
1.9821
2.02
2.262
2.4205
2.5394
2.4716
2.5882
2.4913
2.2936
2.6546
2.2384
2.8257
2.4897
2.8257
2.6715
2.9115
2.6715
3.0697
2.7178
3.0697
2.8867
3.1656
2.8696
3.1101
2.8696
3.1501
3.0138
3.507
3.3333
3.5425
3.3333
3.5425
3.3333
3.5425
3.3333
3.5425
3.3333
3.5425
3.3333
3.5425
3.3333
3.5425
3.3333
3.6591
3.457
3.7721
3.5765
3.8051
3.6112
3.8379
3.6457
3.8703
3.7591
3.9458
3.7922
3.914
3.7922
3.914
3.825
3.914
3.825
3.914
3.825
3.914
3.825
4.0009
3.825
4.0009
3.914
3.8819
3.7591
3.7257
3.6322
3.692
3.5976
3.658
3.4285
3.4918
3.3919
3.4918
3.3919
3.4918
3.3919
3.4918
3.3919
3.4918
3.3919
3.4918
3.3919
3.4918
3.3919
3.4918
3.3919
3.4918
3.3548
3.3173
3.4559
3.1332
3.4195
3.1332
3.4195
3.1332
3.4195
3.1332
3.4195
3.2795
3.4195
3.2795
3.4195
3.2795
3.1643
2.336
2.7079
2.4789
2.4789
2.2264
2.2264
1.9413
1.9413
1.6064
1.9413
2.4076
2.0046
2.1611
2.2164
2.2164
2.4897
2.9283
2.7358
2.762
2.1819
2.439
2.5093
2.3889
2.439
2.4093
2.5778
2.7552
2.7552
2.5778
2.6444
2.7987
3.1726
3.4049
3.1726
3.0769
3.3035
3.2655
3.5284
3.2117
3.1584
3.3784
3.3265
3.536
3.4864
3.536
3.4864
3.536
3.5221
3.6529
3.6394
3.6869
3.7075
3.6869
3.8191
3.94
3.8191
4.0452
3.9275
4.1477
4.033
4.1477
4.1359
4.2478
4.2362
4.2066
3.7591
3.4648
2.8619
1.1377
0.83439
0.83439
0.83439
1.1992
0.59
0.59
0.59
0.59
0.83439
0.83439
0.59
1.0219
1.18
1.18
1.18
1.3193
1.3193
1.18
1.3193
1.18
1.3193
1.18
1.3193
1.3193
1.4452
1.4452
1.561
1.561
1.6688
1.561
1.6688
1.561
1.6688
1.561
1.6688
1.8102
1.6688
1.8102
1.9039
2.029
2.113
2.0897
2.3032
2.0897
2.5288
2.4406
2.4093
2.2061
2.6258
2.4406
2.7812
2.7635
3.0684
2.607
3.1488
2.8083
2.9707
2.607
2.8696
2.607
2.8257
2.8525
2.8696
2.6546
2.7812
2.6546
2.8257
2.607
2.8257
2.607
2.6546
2.5882
2.5882
2.4188
2.4188
2.3457
1.9298
2.1593
1.9298
2.3457
2.2936
2.2384
2.2384
1.98
1.98
1.8901
1.98
2.1006
2.1006
2.2918
2.5093
2.6715
2.7358
2.7178
2.7812
2.843
2.843
2.7635
2.7635
2.7635
2.8257
2.8696
2.9885
3.0697
3.1259
3.0697
3.1259
3.0697
3.1259
3.0697
2.9885
2.9297
2.9464
2.8867
2.9464
2.9464
2.9871
3.1415
2.9707
3.1259
2.9283
3.1798
3.0124
3.2575
2.8257
3.1798
2.7193
3.0856
2.8696
3.2189
2.8257
3.1798
2.7635
3.1798
2.7178
3.1402
2.7178
3.0843
2.8682
3.0843
2.8682
2.9022
2.5587
2.945
2.7178
2.9858
2.8682
2.8416
2.6715
2.9022
2.9283
3.1558
3.1246
3.1785
2.9693
3.4116
3.1643
3.3972
3.0684
3.3456
3.093
3.4338
3.2944
3.4841
3.2036
3.5198
3.3321
3.6372
3.3321
3.6372
3.3321
3.6372
3.3321
3.6372
3.3321
3.6372
3.3321
3.6372
3.3321
3.6372
3.3321
3.6714
3.3694
3.6372
3.1882
3.47
3.0375
3.47
3.1332
3.2944
2.9541
3.1643
2.7908
2.7635
2.5005
2.4699
2.1942
2.0771
2.1942
2.016
2.1364
2.1006
2.2384
2.2042
2.2602
2.2818
2.4093
2.5288
2.5093
2.5571
2.6055
2.6055
2.7178
2.6055
2.7178
2.7178
2.8257
2.6913
2.8002
2.5793
2.6928
2.5109
2.5304
2.262
2.3149
2.2402
2.1025
2.0422
1.98
2.0422
2.1257
2.0661
2.0661
2.2282
2.2282
2.5002
2.3569
2.4805
2.5288
2.7358
2.8416
2.9283
2.9871
3.1246
3.1798
3.1798
3.2189
3.2189
3.2189
3.2725
3.3105
3.3105
3.435
3.435
3.435
3.2575
2.9885
3.0448
2.9464
3.0856
2.9885
3.0448
3.0448
3.1798
3.2189
3.1798
3.3092
3.1798
3.3468
3.47
3.589
3.554
3.5059
3.5059
3.5765
3.658
3.7257
3.692
3.7257
3.658
3.7257
3.658
3.7257
3.658
3.7257
3.658
3.7257
3.5413
3.6112
3.5413
3.6112
3.5413
3.6112
3.6237
3.692
3.658
3.7257
3.6237
3.692
3.658
3.7257
3.6237
3.692
3.5413
3.5765
3.5413
3.5413
3.5274
3.658
3.3548
3.4918
3.1728
3.3173
3.1728
3.3173
3.1728
3.3173
3.1728
3.3173
3.1728
3.3173
3.1728
3.3173
3.1728
3.3173
3.1728
3.3173
3.1728
3.3173
3.1728
3.3173
3.1728
3.3173
3.2795
3.2411
3.4195
3.4918
3.3919
3.3919
3.6237
3.4285
3.4559
3.692
3.692
3.7257
3.6322
3.9695
3.5362
3.8298
3.3786
3.7185
3.2132
3.435
2.9811
2.079
1.9298
1.8128
1.8374
1.6395
1.9298
1.6395
1.9298
1.8661
1.5441
1.4609
0.92092
0.97273
1.3365
1.3727
0.59
1.0219
0.83439
1.3193
1.4941
1.9039
1.7113
1.8102
1.6064
1.7113
1.2816
1.5292
1.6064
1.8102
2.0046
2.2501
2.1468
2.3776
2.336
2.4805
2.459
2.5967
2.336
2.4805
2.336
2.4805
2.3889
2.5304
2.5587
2.843
2.7178
2.9871
2.7635
2.9871
2.7635
2.9871
2.8083
3.1246
2.9541
3.2562
3.093
3.3827
3.1332
3.3827
3.1728
3.3827
3.1728
3.3827
3.1728
3.3827
3.1728
3.3827
3.1728
3.3827
3.1728
3.3827
3.1728
3.3827
3.1728
3.3827
3.1728
3.3827
3.1728
3.3827
3.1728
3.3827
3.1728
3.3827
3.1728
3.3827
3.1728
3.3827
3.1728
3.3827
3.1728
3.3827
3.1728
3.3827
3.1728
3.3827
3.0375
3.2562
2.896
3.1246
2.7471
2.9871
2.7012
2.945
2.5882
2.8853
2.4699
2.7797
2.3457
2.5378
2.3457
2.4881
2.3457
2.1006
2.0771
2.2584
2.1006
2.2584
1.8901
2.1468
1.9159
1.8495
1.6824
1.6064
1.6824
1.7113
1.9413
2.029
2.1468
2.2264
2.2818
2.3569
2.2818
2.3569
2.4093
2.4805
2.5497
2.6171
2.5983
2.6644
2.7552
2.8176
2.7552
2.8176
2.7552
2.8176
2.7552
2.8176
2.8002
2.8617
2.8445
3.0048
2.9885
3.1415
3.1259
3.2725
3.2575
3.3984
3.3839
3.5198
3.5059
3.6372
3.6237
3.7509
3.6237
3.7509
3.6237
3.7509
3.6237
3.6372
3.5059
3.5198
3.3839
3.3468
3.2036
3.3092
3.1088
3.2562
3.1088
3.2712
3.1246
3.3972
3.3092
3.5326
3.3972
3.5326
3.3972
3.5678
3.4338
3.5187
3.3827
3.6027
3.4195
3.554
3.47
3.6372
3.5059
3.7509
3.6237
3.7509
3.6237
3.7509
3.6237
3.7509
3.6237
3.7509
3.6237
3.7509
3.6237
3.7509
3.6237
3.7509
3.6237
3.7509
3.6237
3.7509
3.589
3.7509
3.589
3.6372
3.5274
3.6237
3.6237
3.6237
3.5274
3.4918
3.3919
3.3919
3.5274
3.3919
3.7509
3.7841
3.7174
3.6237
3.589
3.589
3.589
3.589
3.589
3.589
3.589
3.589
3.589
3.589
3.589
3.589
3.589
3.589
3.589
3.589
3.589
3.589
3.589
3.589
3.589
3.589
3.589
3.589
3.589
3.589
3.589
3.589
3.589
3.47
3.4195
3.2944
3.093
2.7908
2.9115
2.6815
2.8682
2.6815
2.9283
2.6997
2.8853
2.7178
2.8243
2.5378
2.8416
2.5093
2.5571
2.3131
2.3872
1.8901
1.9159
1.2394
1.2394
1.2394
0.59
0.59
0.83439
0.83439
1.0219
1.18
1.4452
1.7113
1.7113
1.6064
1.4941
1.4941
1.8495
1.5756
1.9159
1.8495
2.1468
2.2042
2.4093
2.2818
2.3569
2.336
2.5109
2.5587
2.6258
2.3889
2.5109
2.4406
2.673
2.607
2.7193
2.6546
2.7649
2.6546
2.7649
2.6546
2.7649
2.6546
2.9129
2.8083
3.0537
2.9541
3.1882
3.093
3.3173
2.9961
3.3173
2.9961
3.1882
2.7908
2.9541
2.6815
2.7457
2.5005
2.45
2.52
2.3984
2.3457
2.2918
2.2366
2.2918
2.016
1.953
2.0402
1.8227
1.9159
1.8227
2.0897
2.2042
2.2818
2.459
2.3872
2.3872
2.5288
2.5778
2.5093
2.5093
2.6444
2.7987
2.8602
2.843
2.843
2.843
2.963
3.1415
3.1415
3.1015
3.1015
3.0048
3.0048
3.1415
3.1415
3.1415
3.1415
3.1415
3.1415
3.1415
3.1415
3.1811
3.2725
3.3105
3.3984
3.435
3.5198
3.5552
3.6372
3.6714
3.6027
3.5765
3.6237
3.658
3.4918
3.6237
3.4918
3.6237
3.4918
3.6237
3.4918
3.6237
3.4918
3.6237
3.4918
3.6237
3.4918
3.6237
3.4918
3.6237
3.4918
3.6237
3.4918
3.6237
3.3694
3.5059
3.2424
3.3839
3.1101
3.2575
3.2036
3.3468
3.3321
3.3468
3.2944
3.3468
3.2036
3.2189
3.0287
3.1798
3.0287
3.0448
3.0287
2.9871
3.0273
2.9115
2.8243
2.6997
2.7344
2.653
2.6898
2.5587
2.7715
2.6913
2.9616
2.9871
3.1939
3.0843
3.1939
3.0843
2.9269
2.9693
2.7797
2.8243
2.7178
2.7178
2.607
2.7358
2.5587
2.5587
2.3682
2.1257
2.3149
2.439
2.4897
2.4897
2.3872
2.2602
2.3149
2.3149
2.0661
2.0661
2.0661
2.0661
2.0661
2.1257
2.0661
2.4897
2.6055
2.6997
2.6055
2.8069
2.6055
2.439
2.439
2.3149
2.1257
2.1257
2.0661
2.1257
2.0661
2.1257
2.0661
2.1257
2.0661
2.1257
2.0661
2.1257
2.0661
2.1257
2.0661
2.1257
2.0661
2.1257
2.0661
2.1257
2.0661
2.1257
2.0661
2.1257
2.0661
2.1257
2.0661
2.1257
2.0661
2.1257
2.0661
2.1257
2.0661
2.1257
2.0661
2.1257
2.0661
2.1257
2.0661
2.1257
2.0661
2.1257
2.0661
2.1257
2.0661
2.1257
2.0661
2.1257
2.0661
2.1257
2.0661
2.1257
2.0661
2.1257
2.0661
2.1257
2.0661
2.1257
1.98
1.98
1.5441
1.5441
0.77337
0.77337
0.59
0.59
0.59
0.83439
0.83439
0.83439
1.2394
1.0219
1.18
1.0219
1.3727
1.0219
1.6064
1.3193
1.4941
1.3193
1.7829
1.8102
1.7113
1.7113
1.7829
1.7113
1.6391
1.6391
1.7421
1.9039
2.1714
1.9685
1.9039
1.9039
1.9685
2.031
2.1714
2.3032
2.113
2.3569
2.3569
2.1714
2.2282
2.4093
2.4607
2.7358
2.7812
2.8416
2.8853
2.9707
3.0124
3.1088
3.2411
3.2795
3.3173
3.2795
3.2795
3.1882
3.1882
3.3173
3.3173
3.3173
3.3173
3.3173
3.3173
3.3173
3.3173
3.3173
3.3173
3.3173
3.3173
3.3173
3.3173
3.3173
3.3173
3.3173
3.3173
3.3173
3.3173
3.3173
3.3173
3.3173
3.3173
3.3173
3.3173
3.3173
3.3173
3.3173
3.3173
3.3173
3.3173
3.3173
3.3173
3.3173
3.3173
3.3173
3.3173
3.3173
3.3173
3.3173
3.3173
3.3173
3.3173
3.3173
3.3173
3.3173
3.3173
3.3173
3.3173
3.3173
3.2795
3.1332
2.336
2.336
3.2411
3.2023
3.2023
3.0523
3.0111
2.5882
2.7277
2.6647
2.6462
2.693
2.2641
0.92092
0.59
0.83439
0.83439
0.59
0.59
0.59
0.59
1.0219
1.0219
1.18
1.18
1.4452
1.4452
1.3193
1.3193
1.18
1.18
1.18
1.18
1.3193
1.3193
1.4452
1.4452
1.561
1.561
1.561
1.561
1.561
1.561
1.4452
1.4452
1.3193
1.2816
1.4609
1.4609
1.4609
1.4609
1.3727
1.3727
1.3727
1.2816
1.18
1.6064
1.4109
2.029
2.0897
2.3342
2.459
2.6243
2.5571
2.653
2.6055
2.7812
2.6715
2.8257
2.7812
2.8257
2.7812
2.9885
2.8867
3.1259
3.0287
3.1259
3.0287
3.1259
3.0287
3.1259
3.0287
3.1259
3.0287
3.1259
2.8867
3.1259
3.0287
3.1656
3.0287
3.2956
3.1643
3.2956
3.1643
3.4207
3.2944
3.457
3.3321
3.658
3.4559
3.5274
3.3173
3.3694
3.2795
3.3694
3.3173
3.3839
3.3321
3.3839
3.2424
3.3839
3.2036
3.47
3.3321
3.589
3.4195
3.47
3.2795
3.5059
3.4559
3.6237
3.4559
3.5059
3.3321
3.5413
3.3321
3.658
3.658
3.7841
3.5413
3.6237
3.5059
3.589
3.5059
3.589
3.5059
3.589
3.5059
3.589
3.5059
3.589
3.5059
3.589
3.5059
3.6237
3.6237
3.6237
3.6237
3.6237
3.6237
3.6237
3.5413
3.5413
3.3694
3.4207
3.2036
3.2807
3.2562
3.2036
3.3972
3.4338
3.3827
3.5187
3.2795
3.4338
3.1088
3.3972
3.0523
3.093
2.8946
3.1488
2.9541
3.2956
3.0537
3.4207
3.1882
3.4207
3.1882
3.4207
3.0537
3.4207
3.1882
3.4207
3.1882
3.4207
3.1882
3.4207
3.1882
3.4207
3.1882
3.4207
3.1882
3.5286
3.1882
3.5286
3.2272
3.6112
3.3173
3.692
3.2272
3.5413
3.0943
3.4207
2.9555
3.2575
2.8696
3.1798
2.8696
3.1798
2.8257
3.1402
2.9115
2.8853
2.6997
2.5378
2.4897
2.3665
2.5093
2.2602
2.5288
2.2818
2.2818
1.9159
2.0641
1.8227
2.3342
2.0402
2.4373
2.2366
2.7344
2.5571
2.9022
2.7358
2.9022
2.7358
3.0035
2.7178
2.8853
2.7178
2.9283
2.7635
3.1798
2.9707
3.2189
3.0124
3.2189
3.0124
3.2189
3.0124
3.2189
3.0124
3.2575
3.0124
3.2575
3.0537
3.3839
3.1882
3.5059
3.3173
3.5413
3.3173
3.5413
3.3173
3.4063
3.7053
3.6112
3.7721
3.8496
3.7257
3.8496
3.7257
3.8496
3.7257
3.8496
3.7257
3.8169
3.7257
3.8496
3.7257
3.8496
3.7257
3.8496
3.7257
3.8496
3.7257
3.8496
3.7257
3.8496
3.7257
3.8496
3.7257
3.8496
3.7257
3.8496
3.7257
3.8496
3.7257
3.8496
3.7257
3.8496
3.7257
3.8496
3.7257
3.8496
3.7257
3.8496
3.7257
3.8496
3.7257
3.8496
3.7591
3.692
3.7591
3.658
3.7257
3.6237
3.692
3.589
3.658
3.4195
3.6237
3.4559
3.4559
3.4195
3.554
3.2795
3.4195
3.2795
3.2411
2.336
2.2818
2.0661
2.0046
1.7551
1.6824
3.1728
3.1332
3.093
3.4559
3.2795
2.2936
2.2504
2.018
1.6692
0.77337
0.59
0.83439
0.83439
0.59
0.59
0.59
0.83439
0.83439
1.18
1.18
1.3193
1.3193
1.4452
1.4452
1.3193
1.18
1.18
1.18
1.18
1.18
1.3193
1.3193
1.561
1.561
1.561
1.561
1.561
1.561
1.561
1.561
1.561
1.561
1.561
1.561
1.6391
1.8102
1.8102
1.8102
1.878
2.029
2.029
1.878
1.7137
1.7851
2.029
2.1487
2.0046
2.0661
2.3131
2.4188
2.2918
2.2918
2.2366
2.2366
2.2366
2.2366
2.1468
2.1238
2.2042
2.3131
2.4076
2.3342
2.2264
2.2584
2.1468
2.5077
2.5481
2.7973
2.7079
2.8416
2.9191
2.9616
3.0769
2.945
2.9616
2.945
3.0609
3.0448
3.1726
3.2341
3.2117
3.2341
3.34
3.2341
3.34
3.2341
3.34
3.2341
3.34
3.2341
3.34
3.2725
3.4634
3.3984
3.5826
3.5198
3.698
3.6372
3.8099
3.6372
3.8099
3.6714
3.8099
3.6237
3.6372
2.9053
2.7112
2.6462
2.6647
2.55
2.6647
2.5691
2.7012
2.6173
2.636
2.6647
2.4205
2.4716
2.4913
2.2182
2.1383
1.9956
2.1044
2.2182
2.37
2.5216
2.4716
2.636
2.7649
2.7923
2.9555
2.7471
2.7649
2.4018
2.5897
2.1402
2.22
2.1402
2.3492
2.4018
2.3492
2.37
2.4423
2.4423
2.37
2.4913
2.6273
2.6086
2.7193
2.7908
2.9541
2.9797
3.0537
3.1345
3.2424
3.2132
3.2272
3.2132
3.2807
3.2519
3.2807
3.1979
3.2272
3.1586
3.1882
3.1188
3.1488
2.9811
3.0124
2.9388
2.8257
2.7471
2.7812
2.9707
2.8853
3.0124
3.0273
3.1088
3.163
3.3173
3.2023
3.2411
3.0684
2.8352
2.7635
2.7277
2.5882
2.3796
2.1942
2.2504
2.1364
2.1942
2.0771
2.2164
2.1593
2.5394
2.439
2.5587
2.5093
2.4897
2.6055
2.5394
2.653
2.5866
2.5866
2.7457
2.6997
2.7635
2.7635
2.9129
2.8696
3.0124
3.0124
2.9129
3.0124
3.0537
2.8083
3.3996
3.1259
3.2968
3.1259
3.1114
2.972
3.071
2.972
3.071
2.972
3.2048
3.1101
3.3333
3.2424
3.457
3.3694
3.5765
3.4918
3.692
3.5274
3.7257
3.5274
3.7257
3.5274
3.7257
3.5274
3.7257
3.5274
3.692
3.5274
3.4428
3.3694
3.4063
3.3321
3.3694
3.2562
3.4195
3.3827
3.4195
3.3456
3.3827
3.3456
3.4195
3.3456
3.3827
3.2176
3.2944
3.2562
3.2944
3.2562
3.1643
3.1246
3.1088
2.9283
3.0684
2.8853
2.9115
2.8243
2.8682
2.653
2.8069
2.5378
2.5378
2.5378
2.5378
2.5378
2.5571
2.459
2.2602
2.3149
2.336
2.5778
2.4093
2.336
2.336
2.336
2.336
2.5778
2.5967
2.336
2.5481
2.3569
2.1938
2.031
2.0787
1.5292
1.7421
1.77
1.6688
1.6688
1.9932
1.9039
2.113
2.1938
2.3776
2.3776
2.4805
2.3569
2.4805
2.4296
2.5793
2.5304
2.7373
2.6913
2.9297
2.8867
3.2036
3.1643
3.3321
3.2944
3.4559
3.2944
3.4559
3.4195
3.4918
3.4195
3.5274
3.4559
3.5274
3.4918
3.5627
3.4918
3.5627
3.4918
3.5627
3.5274
3.5627
3.5274
3.5627
3.5274
3.5627
3.5274
3.5627
3.5274
3.5627
3.5274
3.5627
3.5274
3.5627
3.5274
3.5627
3.5274
3.5627
3.5274
3.5627
3.5274
3.5627
3.5274
3.5627
3.5274
3.5627
3.5274
3.5627
3.5274
3.5627
3.5274
3.5627
3.5274
3.5627
3.5274
3.5627
3.5274
3.5627
3.5274
3.5627
3.5274
3.5976
3.5274
3.5627
3.5274
3.4285
3.3548
3.2889
3.5627
3.8819
3.692
3.9695
3.9695
3.9695
3.8496
3.8169
3.8169
3.906
3.7841
3.7509
3.6237
3.7509
3.7509
3.6237
3.589
3.4559
3.4195
3.3173
3.2795
3.4559
3.2411
3.4559
3.4285
3.3919
3.6322
3.8819
3.9582
1.2427
1.0219
0.83439
0.83439
0.83439
0.59
0.59
0.59
0.59
0.59
1.0219
1.0219
1.0219
1.18
1.3193
1.6064
1.18
1.0219
1.0219
0.83439
1.18
1.18
1.3193
1.3193
1.4452
1.4452
1.9039
1.9039
2.029
2.113
2.3032
2.2264
2.2818
2.2818
2.3569
2.3569
2.4093
2.4093
2.4093
2.4093
2.4607
2.4607
2.6258
2.6258
2.6258
2.673
2.7812
2.8257
2.9283
2.9707
3.0684
3.1088
3.2023
3.2411
3.2023
3.2411
3.2411
3.2411
3.2411
3.2795
3.1488
3.1882
3.0124
3.0537
2.8696
2.9129
2.7635
2.636
2.6997
2.5691
2.6345
2.52
2.653
2.5882
2.7178
2.7193
2.945
2.7635
2.7358
2.8257
2.843
2.6546
2.5587
2.4205
2.7178
2.6546
2.9283
2.673
2.9871
2.673
2.9871
2.7193
2.7987
2.6258
2.6444
2.5109
2.6444
2.5602
2.7987
2.673
3.0843
2.8257
3.1785
2.9283
3.0843
2.9283
3.0843
2.9707
2.9871
2.9707
3.0287
2.9707
3.0697
2.8696
3.1882
2.8696
3.5413
3.5413
3.589
3.4918
3.658
3.3548
3.554
3.3548
3.3694
3.2272
3.3321
2.9797
3.2795
2.879
3.2795
3.1728
3.2795
3.212
3.3173
3.2506
3.3548
3.2889
3.3548
3.2889
3.3548
3.2889
3.3548
3.2889
3.3548
3.2889
3.3548
3.2889
3.3548
3.2889
3.3919
3.2889
3.3919
3.2889
3.3919
3.3267
3.4285
3.3267
3.4285
3.3267
3.4285
3.3267
3.4285
3.3267
3.4285
3.3267
3.4285
3.3267
3.4285
3.3267
3.4285
3.3267
3.4648
3.3267
3.4648
3.3267
3.4648
3.2889
3.4285
4.124
4.1165
4.2066
4.424
4.3166
4.2876
4.3166
4.2583
4.2876
4.2583
4.2876
4.1467
4.5011
4.0009
4.3671
3.8496
4.2289
3.7053
3.103
2.6647
1.2026
0.97273
0.59
0.59
1.2993
1.2993
1.5441
1.4609
1.5756
1.5756
1.7829
1.7113
1.6064
1.18
0.83439
0.59
0.59
0.59
0.83439
0.83439
1.3193
1.18
1.561
1.4452
1.77
1.9039
1.9039
2.029
2.029
2.1468
2.2264
2.2042
2.3569
2.2818
2.4296
2.4093
2.5497
2.4805
2.5497
2.5304
2.5983
2.6913
2.9036
2.843
3.0448
2.9871
3.1798
3.0287
3.2189
3.0697
3.2189
3.0697
3.2189
3.0697
3.2189
3.0697
3.3468
3.2036
3.47
3.3321
3.589
3.4559
3.6237
3.4918
3.5059
3.3694
3.5059
3.2424
3.3839
3.0537
3.2036
2.9541
3.1088
2.8511
2.9541
2.8069
2.7457
2.8069
2.7457
2.8243
2.7635
2.7358
2.7373
2.8602
2.673
2.945
2.8257
3.0843
2.8257
3.0273
2.7457
2.8682
2.4001
2.7635
2.3796
2.6997
2.5005
2.653
2.3265
2.5587
2.7277
2.9871
2.9541
3.1402
2.9541
3.1952
3.0537
3.1246
2.9374
3.1246
2.9961
3.0124
2.9129
3.0287
2.9555
3.1811
3.2201
3.3105
3.348
3.435
3.4712
3.4712
3.4712
3.4712
3.2956
3.2956
3.2575
3.1501
3.1656
2.9975
3.1259
2.9555
3.1259
2.9975
3.2575
3.0389
3.3839
3.1741
3.5059
3.3038
3.5413
3.4285
3.658
3.4285
3.658
3.4285
3.658
3.4285
3.658
3.4285
3.658
3.4285
3.658
3.4285
3.658
3.4285
3.658
3.4285
3.658
3.4285
3.658
3.4285
3.658
3.4285
3.658
3.4285
3.658
3.4285
3.658
3.4285
3.658
3.4285
3.658
3.4285
3.658
3.4285
3.658
3.4285
3.658
3.4285
3.658
3.3919
3.6237
3.3548
3.7174
3.3173
3.554
3.2795
3.4195
3.2795
3.4195
3.2795
3.4195
3.2795
3.3827
3.2795
3.3456
3.1088
3.2562
3.0684
2.7079
2.5288
2.4789
2.2818
2.2264
2.0046
2.0046
2.0046
1.6824
3.1728
3.7922
3.7591
4.1165
4.1467
3.9695
4.1165
3.9695
4.0629
3.8496
4.0629
4.0009
4.1467
3.8496
4.032
3.8496
4.0009
3.7591
3.9695
3.7257
3.8169
3.5147
3.4918
3.3919
2.9374
0.97273
0.83439
0.83439
0.59
0.59
0.59
1.1992
1.1992
1.3365
1.3365
1.3365
1.3365
1.3727
1.3727
1.0219
1.0219
0.83439
0.59
0.83439
1.0219
1.18
1.18
1.18
1.3193
1.6688
1.6688
1.6688
1.561
1.6688
1.77
1.77
1.8657
1.9932
1.77
2.0787
1.8657
2.3471
2.2399
2.4713
2.3471
2.5879
2.5879
2.6171
2.6358
2.7906
2.7906
3.0211
2.9795
3.2492
3.1172
3.2874
3.2874
3.5337
3.4492
3.5689
3.5689
3.6847
3.6847
3.7185
3.7185
3.8298
3.8298
3.9379
3.9379
3.9695
3.9379
3.9695
3.9695
3.9695
3.9695
4.0009
3.9695
4.0009
3.9695
4.0009
3.9695
4.0009
3.9695
4.0009
3.9695
4.0009
3.9695
4.0009
3.9695
4.0009
3.9695
4.0009
3.9695
4.0009
3.9695
3.8945
3.8623
3.752
3.7053
3.5901
3.3694
3.4063
3.2795
3.3173
3.2795
3.1728
3.2023
3.1882
3.2562
3.2036
3.2176
3.435
3.376
3.2189
3.0448
2.8682
2.8853
2.7178
2.7812
2.5093
2.439
2.439
2.4607
2.6444
2.6444
2.9795
2.9205
3.3171
3.0769
2.9205
2.7358
2.9795
2.8602
2.8787
2.6913
2.6644
2.4607
2.729
2.5793
2.8537
2.7552
2.9972
2.8002
3.1342
2.9464
3.2655
2.9885
3.3917
3.1259
3.5133
3.2575
3.6309
3.2956
3.6309
3.2956
3.6309
3.3333
3.7448
3.457
3.8553
3.5765
3.9628
3.6112
4.0674
3.7257
4.1693
3.7591
4.1693
3.7591
4.1693
3.7591
4.1693
3.7591
4.1693
3.7591
4.1693
3.7591
4.1693
3.7591
4.1693
3.7591
4.1693
3.7591
4.1693
3.7591
4.1693
3.7591
4.1693
3.7591
4.1693
3.7591
4.1693
3.7591
4.1693
3.7591
4.1693
3.7591
4.1693
3.7591
4.0674
3.6457
4.0674
3.5286
3.9628
3.5286
4.0365
3.6112
4.0674
3.7257
4.1089
3.692
3.9932
3.658
3.8088
3.4918
3.6027
3.1882
3.4338
3.3839
3.1643
3.2944
3.308
3.3827
3.3456
3.308
2.8416
2.6898
2.2264
2.2264
2.0046
1.9413
1.6824
2.459
2.5288
2.459
2.4607
2.2818
2.5288
2.336
2.4093
2.336
2.336
2.3149
2.6258
2.7178
2.7812
2.8682
3.0273
2.9115
3.0684
2.9115
3.0273
2.8682
3.1088
2.9541
3.1088
2.8083
2.9129
2.7012
2.3149
1.2427
0.83439
0.83439
0.59
0.59
0.59
1.2993
1.2993
1.427
1.3365
1.3365
1.3365
1.5756
1.4941
1.6064
1.3193
1.3193
1.18
1.3193
1.3193
1.18
1.18
1.3193
1.7113
1.4452
1.7113
1.9039
1.9039
2.0787
2.138
2.2718
2.2718
2.3262
2.4296
2.3776
2.5002
2.4805
2.4805
2.5002
2.7094
2.5983
2.5497
2.7094
2.5983
2.7552
2.9036
3.0448
3.0448
3.1798
3.1798
3.3092
3.3092
3.4338
3.4338
3.554
3.554
3.554
3.554
3.554
3.554
3.554
3.589
3.589
3.589
3.6237
3.6237
3.6237
3.6237
3.6237
3.6237
3.6237
3.6237
3.6237
3.6237
3.6237
3.6237
3.6237
3.6237
3.6237
3.5059
3.5059
3.3321
3.2944
3.1488
2.9541
3.0523
2.8511
3.0523
2.9115
3.0684
2.8682
3.0843
2.9871
3.2176
3.0273
3.3602
3.0035
3.1233
2.8243
2.9693
2.762
2.5378
2.4188
2.6055
2.1364
1.6692
1.8639
1.1611
1.3024
1.427
1.512
1.4609
1.8901
1.6824
1.98
1.9413
1.9159
2.0641
2.0661
1.9159
2.1468
1.9413
2.1487
1.8516
1.7829
1.6089
1.6848
1.7137
1.9434
1.9434
1.9434
2.1714
2.1714
2.4296
2.4296
2.5481
2.5481
2.4296
2.4296
2.4296
2.4296
2.4093
2.4093
2.4093
2.5778
2.6913
2.843
2.9871
3.1246
3.1246
3.1643
3.2562
3.2944
3.3827
3.4195
3.3827
3.4195
3.3827
3.4195
3.3827
3.4195
3.3827
3.4195
3.3827
3.4195
3.3827
3.4195
3.3827
3.4195
3.4195
3.4559
3.4559
3.4918
3.2795
3.3173
3.093
3.1332
2.9541
2.9961
2.9707
3.0124
3.1643
3.2036
3.1246
3.2944
3.2562
3.4195
3.2562
3.4195
3.163
3.2411
3.2411
3.2795
3.2562
3.3321
3.3321
3.3321
3.4195
3.3694
3.3321
3.4918
3.4559
3.4918
3.4559
3.4918
3.4559
3.4918
3.4559
3.4918
3.4559
3.4918
3.4559
3.3173
3.2795
3.3694
3.2411
3.2424
3.1488
3.1882
3.3827
3.6372
3.5059
3.589
3.6237
3.589
3.6237
3.589
3.6237
3.6237
3.6237
3.6237
3.6237
3.6237
3.6237
3.589
3.589
3.4195
3.4559
3.2795
3.2795
3.1332
3.2411
3.093
3.2411
3.093
3.2411
3.093
3.1088
2.9541
2.8416
2.336
2.5288
2.336
2.5288
2.336
2.5288
2.336
2.5288
2.336
2.6258
2.4913
2.7812
2.5394
2.7178
2.5394
2.8243
2.4897
2.8243
2.5587
2.8416
2.6715
2.7358
2.6715
2.8416
2.8243
3.0273
2.8682
3.0273
2.8069
3.0111
2.9115
3.2023
2.9115
3.0684
2.9541
2.9115
2.653
3.1088
3.0684
3.0287
3.0537
3.0287
2.9129
2.8696
2.7012
2.6546
2.7012
2.607
2.6546
2.7012
2.7012
2.6546
2.8083
2.7635
2.9541
2.9115
3.0523
3.0523
3.093
3.0523
3.093
3.093
2.9961
3.1332
3.1332
3.1332
3.1332
3.1332
3.1332
3.1332
3.1332
3.1332
3.1332
3.1332
3.1332
3.1332
3.1332
3.1332
3.1332
3.1332
3.1332
2.9961
2.9374
2.7457
2.7277
2.4188
2.1364
2.2918
2.0771
2.3665
2.1593
2.459
2.2602
2.6898
2.336
2.7079
2.3569
2.4789
2.2042
2.459
2.3872
2.5762
2.5571
2.8416
2.6715
2.9616
2.7987
3.0035
2.843
3.1402
2.843
3.0035
2.8867
3.0448
3.0287
3.1798
3.0287
3.1798
3.0287
3.1798
2.9871
2.9871
2.8257
2.7812
2.068
1.9434
2.0067
2.0897
2.2061
2.2264
2.0897
2.4076
2.459
2.459
2.5093
2.5093
2.5093
2.3889
2.3889
2.3889
2.3149
2.4897
2.4188
2.2936
2.2721
2.3984
2.3984
2.4188
2.4699
2.6055
2.653
2.8853
2.7178
2.7797
2.6715
2.5778
2.3149
2.2602
2.2602
2.439
2.3149
2.6715
2.439
2.8853
2.7178
3.0684
2.9693
3.0273
2.8682
2.9283
2.8682
2.9283
2.9115
2.9707
2.9115
3.1088
2.9541
3.1088
3.093
3.1088
3.093
3.1088
3.093
3.1088
3.1332
3.1488
3.1728
3.2795
3.212
3.3173
3.2506
3.3173
3.2506
3.1882
3.0784
3.0375
3.1882
3.1488
3.5059
3.4195
3.4195
3.3173
3.1488
3.0523
2.8682
2.7908
2.653
2.4699
2.4881
2.1593
2.3665
2.3457
2.4881
2.439
2.6243
2.5093
2.5077
2.5288
2.4789
2.2818
2.18
1.978
2.2584
1.978
2.4789
2.1468
2.4789
2.4789
2.7454
2.8336
2.8943
3.036
2.9191
2.9616
3.1159
3.0198
3.1558
3.0609
3.0769
2.9795
3.227
3.0782
3.227
3.2655
3.3546
3.3546
3.5133
3.3917
3.5133
3.4776
3.6652
3.6309
3.4634
3.5476
3.3252
3.5487
3.348
3.4993
3.1656
3.4634
3.2956
3.5826
3.4207
3.698
3.5413
3.8099
3.658
3.9186
3.692
4.0243
3.7257
4.0243
3.7257
4.0243
3.7257
4.0243
3.7257
4.0243
3.7257
4.0243
3.7257
4.0243
3.7257
3.9186
3.6112
3.8099
3.493
3.8099
3.493
3.8866
3.5765
3.9932
3.692
3.9932
3.692
3.9932
3.692
3.9932
3.692
3.8866
3.457
3.7639
3.3186
3.7174
3.2411
3.2795
3.0523
2.9374
1.2026
0.92092
0.83439
0.83439
0.59
0.59
1.09
1.09
1.2394
1.0219
1.0219
1.0219
1.18
1.18
1.3193
1.18
1.0219
1.0219
1.3193
1.3193
1.4452
1.3193
1.3193
1.18
1.4452
1.561
1.4452
1.3193
1.4452
1.4452
1.6688
1.6688
1.6688
1.9932
1.9932
2.1938
2.1938
2.3032
2.3032
2.3569
2.4296
2.4296
2.4296
2.4093
2.5778
2.6444
2.7987
2.6913
2.6913
2.843
2.843
2.9871
2.7812
2.8853
2.7178
3.0684
2.9693
3.2023
3.163
3.3456
3.1785
3.4338
2.945
3.0843
2.8853
3.0697
2.9707
3.0124
2.6997
2.636
2.7635
3.1501
3.1488
3.2424
3.2944
3.3694
3.4195
3.3694
3.4195
3.2424
3.2411
3.1882
3.3321
3.2424
3.2795
3.2807
3.3694
3.4063
3.4918
3.4063
3.4918
3.4063
3.4918
3.4063
3.4918
3.4063
3.5274
3.5274
3.5627
3.5274
3.5627
3.5274
3.5627
3.5274
3.5627
3.5274
3.5627
3.5627
3.5976
3.5976
3.5976
3.5976
3.5007
3.5976
3.3267
3.5362
4.1768
4.1768
4.2656
4.3671
4.2362
4.3384
4.2066
4.2289
4.0629
4.1467
3.9265
4.0442
3.7721
3.8298
3.692
3.6372
3.4918
2.9374
2.5005
2.0919
1.7855
2.0313
1.7141
1.6959
1.5614
1.7246
1.512
1.4609
1.0937
1.5756
1.5441
1.9159
1.8901
2.2042
2.1819
2.459
2.2384
2.5093
2.3149
2.5778
2.3682
2.6258
2.4406
2.6913
2.6086
2.8617
2.8272
3.0048
2.8445
2.8002
2.8445
2.8002
2.8445
2.8002
2.8445
2.8002
2.8445
2.8445
2.8881
2.8881
2.8881
2.9885
3.03
3.1259
3.1259
3.2575
3.2575
3.3839
3.3839
3.5059
3.5059
3.6237
3.6237
3.6237
3.6237
3.6237
3.6237
3.6237
3.6237
3.6237
3.6237
3.6237
3.6237
3.6237
3.6237
3.6237
3.6237
3.6237
3.6237
3.6237
3.6237
3.6237
3.6237
3.6237
3.6237
3.6237
3.6237
3.6237
3.6237
3.6237
3.6237
3.6237
3.6237
3.6237
3.5059
3.5059
3.3839
3.3321
3.3321
3.2036
3.1488
3.1088
2.8946
3.0523
2.8946
2.9693
2.8511
2.9283
2.9707
2.8853
3.1246
3.0609
3.2341
3.1402
3.2562
3.3602
3.2562
3.4116
3.2176
3.1785
3.2328
3.1402
3.1952
3.0035
3.0609
2.8602
2.963
2.8176
2.6644
2.5983
2.5983
2.4313
2.5983
2.4313
2.7094
2.5497
2.7552
2.7094
2.7094
2.7552
2.9036
2.9036
3.0035
3.0448
3.0448
3.0448
3.3092
3.2189
3.4338
3.47
3.554
3.589
3.589
3.6237
3.589
3.6237
3.589
3.6237
3.589
3.6237
3.589
3.6237
3.589
3.6237
3.589
3.6237
3.589
3.6237
3.589
3.6237
3.589
3.6237
3.589
3.6237
3.589
3.6237
3.589
3.6237
3.589
3.6237
3.589
3.6237
3.589
3.5059
3.47
3.3839
3.2944
3.2036
3.1088
3.0684
2.8511
2.6997
2.45
2.6345
2.3984
2.5866
2.3457
2.4881
2.4188
2.3665
2.439
2.3131
2.1257
2.2042
1.9551
2.1238
2.2384
2.459
2.4188
2.6243
2.7987
2.7537
2.7358
2.6898
2.5778
2.5288
2.4607
2.336
2.336
2.336
2.4607
2.5983
2.6913
2.7552
2.6913
2.7552
2.6913
2.7552
2.6913
2.7552
2.6913
2.7552
2.7373
2.9036
2.8867
3.0448
3.0287
3.1798
3.1643
3.3092
3.2036
3.3468
3.3321
3.47
3.3321
3.5059
3.4559
3.6237
3.4918
3.6237
3.4918
3.6237
3.4918
3.6237
3.4918
3.6237
3.4918
3.6237
3.4918
3.6237
3.4918
3.6237
3.4918
3.6237
3.4918
3.6237
3.4918
3.6237
3.4918
3.6237
3.4918
3.6237
3.4918
3.6237
3.4918
3.6237
3.4918
3.6237
3.4918
3.6237
3.4918
3.6237
3.4918
3.6237
3.4918
3.6237
3.4918
3.6237
3.4918
3.6237
3.4918
3.6237
3.4918
3.6237
3.4918
3.5059
3.3694
3.1882
3.1882
3.0537
2.9541
2.9115
2.6345
2.6345
2.762
2.5378
2.5571
2.3665
2.3131
2.0402
2.1468
1.9413
1.9413
1.6064
1.7113
1.4452
1.7113
1.4452
1.7113
1.561
1.8102
1.561
1.6391
1.9039
1.9039
2.1938
2.4296
2.5002
2.5002
2.5002
2.5497
2.5497
2.7094
2.7094
2.5497
2.5497
2.5983
2.5983
2.7552
2.7552
2.8002
2.9036
2.9464
3.0448
3.0856
3.1798
3.2189
3.3092
3.3468
3.4338
3.47
3.554
3.589
3.589
3.6237
3.589
3.6237
3.589
3.6237
3.589
3.6237
3.589
3.6237
3.589
3.6237
3.589
3.6237
3.589
3.6237
3.589
3.6237
3.589
3.6237
3.589
3.6237
3.589
3.6237
3.589
3.6237
3.589
3.6237
3.589
3.6237
3.47
3.5059
3.4195
3.3321
3.2411
2.9541
2.9541
2.8682
2.6997
2.5866
2.45
2.5866
2.3457
2.6055
2.4897
2.6055
2.439
2.6898
2.4093
2.6898
2.5093
2.7797
2.6715
3.1002
2.8853
3.0843
2.9283
3.0035
2.843
2.8602
2.673
2.6258
2.5587
2.4607
2.5793
2.6459
2.6913
2.7552
2.6913
2.7552
2.6913
2.7552
2.6913
2.7552
2.6913
2.7552
2.6913
2.7552
2.7373
2.9036
2.8867
3.0448
3.0287
3.1798
3.1643
3.3092
3.2944
3.3468
3.2944
3.47
3.4195
3.589
3.4195
3.589
3.4195
3.589
3.4195
3.589
3.4195
3.589
3.4195
3.589
3.4195
3.589
3.4195
3.589
3.4195
3.589
3.4195
3.589
3.4195
3.589
3.4195
3.589
3.4195
3.589
3.4195
3.589
3.4195
3.589
3.4195
3.589
3.4195
3.589
3.4195
3.589
3.4195
3.589
3.4195
3.589
3.4195
3.589
3.4195
3.589
3.4195
3.589
3.2944
3.47
3.1246
3.2944
2.9115
3.1088
2.6997
2.6345
2.5866
2.45
2.5866
2.5378
2.439
2.6715
2.3872
2.459
2.2818
2.3569
2.0046
2.2264
1.9159
1.8495
1.9159
1.8495
1.8495
2.1468
2.1468
2.2818
2.2818
2.4296
2.3569
2.4805
2.4093
2.4805
2.4093
2.5304
2.4607
2.6913
2.6258
2.6913
2.6258
2.6913
2.6258
2.6913
2.6258
2.6913
2.673
2.843
2.8257
2.9871
2.9707
3.1246
3.1088
3.2562
3.2411
3.3827
3.2795
3.3827
3.2795
3.3827
3.2795
3.3827
3.2795
3.3827
3.2795
3.2562
3.1488
2.9707
2.9541
2.7635
2.7457
2.6997
2.5866
2.3984
2.5378
2.3984
2.5378
2.3457
2.3665
2.4188
2.1593
2.3131
2.1819
2.459
2.336
2.6243
2.5093
2.8416
2.6715
2.8853
2.7178
2.945
2.7812
2.9871
2.8257
3.0448
2.8867
3.1415
3.0462
3.3252
3.1811
3.3252
3.1811
3.3252
3.1811
3.3252
3.1811
3.3252
3.1811
3.3252
3.1811
3.3252
3.1811
3.3626
3.3626
3.4853
3.5826
3.435
3.5337
3.3839
3.4841
3.3321
3.4338
3.4195
3.554
3.4559
3.554
3.4559
3.554
3.4559
3.554
3.4559
3.554
3.4559
3.554
3.4559
3.554
3.4559
3.554
3.4559
3.554
3.4559
3.554
3.4559
3.554
3.4559
3.554
3.4559
3.554
3.4559
3.554
3.4559
3.554
3.4559
3.554
3.4559
3.554
3.4559
3.554
3.4559
3.4338
3.2795
3.2562
3.093
3.0684
2.8946
2.9693
2.8511
2.9693
2.8511
2.8682
2.8682
2.8853
3.0684
3.1402
3.2712
3.2862
3.2712
3.2328
3.2562
3.2712
3.2712
3.2862
3.1246
3.1002
3.0448
3.0035
2.9036
2.9205
2.7552
2.7094
2.8176
2.5304
2.7552
2.6444
2.7094
2.5304
2.5983
2.6913
2.7552
2.6913
2.7552
2.6913
2.7552
2.6913
2.9036
2.843
3.0448
2.9871
3.1798
3.1246
3.3092
3.2562
3.4338
3.3827
3.554
3.3827
3.554
3.3827
3.554
3.3827
3.554
3.3827
3.554
3.3827
3.554
3.3827
3.554
3.3827
3.554
3.3827
3.554
3.2562
3.4338
3.1246
3.3092
3.1246
3.1798
2.9871
3.1402
2.945
3.1402
2.945
3.1002
2.9022
3.0435
2.8416
2.9436
2.7797
2.762
2.6699
2.5571
2.5571
2.6055
2.6699
2.7797
2.7344
2.6243
2.8588
2.8416
3.0021
3.0435
3.1389
3.2328
3.2328
3.163
3.1233
3.2712
3.2712
3.3092
3.324
3.3092
3.3092
3.2725
3.3614
3.2725
3.2341
3.1015
3.0448
3.0609
2.9036
2.963
2.7552
2.7275
2.7094
2.6644
2.7094
2.8176
2.5983
2.8617
2.8002
3.1415
3.0856
3.2725
3.2189
3.3984
3.3468
3.5198
3.47
3.6372
3.589
3.7509
3.589
3.7509
3.589
3.7509
3.589
3.7509
3.589
3.7509
3.589
3.7509
3.589
3.7509
3.589
3.6372
3.47
3.5198
3.2944
3.1643
3.1088
3.0684
3.0684
3.0684
2.9115
3.0684
2.9871
3.0843
2.9283
2.8069
2.7164
2.8243
2.6243
2.6055
2.4881
2.6055
2.6715
2.7987
2.9616
2.8602
2.8162
2.8602
2.8162
3.0035
2.9022
3.0843
3.1002
3.2712
3.2862
3.3614
3.376
3.4128
3.324
3.3984
3.4128
3.4492
3.4128
3.4128
3.2725
3.3252
3.2189
3.4128
3.376
3.3614
3.2341
3.2189
3.1798
3.1811
3.1964
3.1811
3.3252
3.3105
3.4492
3.435
3.5689
3.5552
3.6847
3.6714
3.797
3.7053
3.906
3.8169
3.9379
3.8496
3.9695
3.8496
3.9695
3.8496
3.9695
3.8496
3.9695
3.8496
3.9695
3.8496
3.9695
3.8496
3.9695
3.8496
3.9695
3.8496
3.9695
3.8496
3.9695
3.8496
3.8623
3.7389
3.7053
3.4428
3.5274
3.0784
3.0214
2.8179
2.8946
2.7732
2.7277
2.6997
2.5691
2.52
2.52
2.4188
2.2384
2.3872
2.0422
2.2042
2.2384
2.459
2.4897
2.7537
2.7812
2.9616
2.843
2.7987
2.8602
2.8602
2.963
2.9036
2.963
2.963
3.0622
3.0782
2.9808
3.0622
2.9643
2.905
2.9218
2.8617
2.9218
2.8617
2.8787
2.8176
2.8787
2.8617
3.0211
3.0048
3.1571
3.1415
3.2874
3.2725
3.4128
3.3984
3.5337
3.5198
3.6506
3.6372
3.7639
3.7509
3.8739
3.7841
3.8739
3.7841
3.8739
3.7841
3.8739
3.7841
3.8739
3.7841
3.8739
3.7841
3.8739
3.7841
3.8739
3.7841
3.8739
3.7841
3.8739
3.7841
3.8739
3.7841
3.8739
3.7841
3.8739
3.7841
3.7639
3.6237
3.6027
3.4559
3.4338
3.2411
3.2023
3.2023
3.2023
3.2023
3.2176
3.2176
3.2176
3.2176
3.2712
3.2862
3.4116
3.3387
3.4116
3.4623
3.6298
3.6298
3.7113
3.6641
3.7113
3.7113
3.791
3.7113
3.7579
3.5963
3.6444
3.5273
3.5763
3.3917
3.4426
3.1726
3.3546
3.0622
3.0782
3.0048
2.9795
2.7552
2.6644
2.5983
2.8176
2.8002
2.963
2.9464
3.1015
3.0856
3.2341
3.2189
3.3614
3.3468
3.4841
3.47
3.6027
3.589
3.7174
3.6237
3.7174
3.6237
3.7174
3.6237
3.7174
3.6237
3.7174
3.6237
3.7174
3.6237
3.7174
3.6237
3.7174
3.6237
3.7174
3.6237
3.7174
3.6237
3.7174
3.6237
3.7174
3.6237
3.7174
3.6237
3.6027
3.5059
3.4338
3.3321
3.3827
3.1488
3.2562
3.0523
3.163
3.0523
3.163
2.9693
3.1785
3.0273
3.1785
2.9858
2.9858
2.6715
2.5587
2.1593
2.5866
2.4188
2.9283
2.7178
3.1246
2.9871
3.2189
2.9707
3.2189
2.9707
3.0697
3.324
3.0287
3.2492
3.1015
3.1172
3.2655
3.0211
3.2117
2.963
3.0211
2.7552
2.8176
2.8176
2.8176
2.8176
2.8176
2.8617
2.963
3.0048
3.1015
3.1415
3.1415
3.2725
3.2725
3.3984
3.3984
3.5198
3.5198
3.6372
3.6372
3.7509
3.7509
3.7841
3.7509
3.7841
3.7509
3.7841
3.7509
3.7841
3.7509
3.7841
3.7509
3.7841
3.7509
3.6714
3.6372
3.3694
3.47
3.2424
3.47
3.3321
3.4338
3.3321
3.4338
3.2411
3.3092
3.1088
3.2712
3.2562
3.4481
3.4338
3.4623
3.3456
3.5187
3.47
3.7306
3.554
3.5678
3.4195
3.554
3.4195
3.6506
3.5059
3.6847
3.6237
3.797
3.6237
3.797
3.6237
3.797
3.6237
3.797
3.6237
3.797
3.6237
3.5198
3.589
3.3468
3.4195
3.3972
3.3827
3.2944
3.2023
3.0684
3.0684
2.8243
2.8853
2.8243
3.1643
3.1088
3.1088
3.2944
3.1088
3.4195
3.2411
3.4195
3.2411
3.4195
3.2411
3.4195
3.2411
3.4195
3.2411
3.4559
3.2411
3.4559
3.2411
3.4559
3.2411
3.4559
3.2411
3.4559
3.2411
3.4559
3.2411
3.4559
3.1088
3.3694
3.1088
3.3694
2.9707
3.2424
3.0684
3.3321
3.1088
3.3694
3.163
3.4195
3.2411
3.4559
3.163
3.3827
3.1088
3.3321
3.2023
3.4195
3.1088
3.3321
3.2411
3.4559
3.2411
3.4559
3.2411
3.4559
3.2411
3.4918
3.2411
3.3173
3.2795
3.2795
3.093
3.2795
3.093
2.9541
2.5216
3.2023
3.4559
3.1728
3.589
3.5274
3.4918
3.3919
3.5274
3.3548
3.5274
3.4285
3.5627
3.3919
3.5274
3.3038
3.5413
3.4648
3.4918
3.4285
3.4918
3.3919
3.3173
3.3548
3.3173
3.3173
3.2795
3.3173
3.4195
3.1332
3.2795
3.5274
3.5627
3.5627
3.4648
3.5627
3.2889
3.5627
3.2889
3.5627
3.3267
3.5627
3.3267
3.5976
3.364
3.5976
3.364
3.5976
3.3267
3.5627
3.4285
3.5627
3.4285
3.5976
3.5274
3.5627
3.5274
3.5627
3.5274
3.5627
3.5274
3.5627
3.5274
3.5627
3.5274
3.5627
3.5274
3.5627
3.5274
3.5627
3.5627
3.5627
3.3919
3.3919
3.5976
3.4285
3.4285
3.3919
4.0243
3.9695
3.906
3.9695
3.8169
3.8169
3.5413
3.5413
3.3694
3.356
2.896
3.2807
2.5691
2.9961
2.7908
2.9961
2.8946
2.8525
2.8946
2.9297
2.9707
2.8257
2.7457
2.8257
2.8867
2.7178
2.1819
1.1377
1.0219
0.83439
0.83439
0.83439
0.59
0.59
0.59
0.59
1.1992
1.1992
1.1992
1.3365
1.3365
1.2394
1.3727
1.18
1.3193
1.18
1.3193
1.3193
1.6064
1.4452
1.8495
1.7113
2.1468
2.029
2.2042
2.2264
2.2818
2.3569
2.4805
2.5002
2.4805
2.5497
2.5304
2.5497
2.6913
2.5983
2.6913
2.7552
2.6913
2.7552
2.6913
2.7552
2.6913
2.8002
2.7373
2.9464
2.8867
3.0856
3.0287
3.2189
3.1643
3.3468
3.2944
3.47
3.4195
3.4559
3.4195
3.3321
3.2944
3.2036
3.1643
3.0697
2.9707
2.9707
2.8682
2.9115
2.8069
2.8069
2.5866
2.8069
2.6997
2.45
2.5378
2.3457
2.3665
2.2164
2.2918
2.4188
2.1819
2.3149
2.3665
2.5587
2.7358
2.843
2.8853
2.9283
2.8682
2.9707
2.9283
3.0287
2.9707
3.0697
3.0287
3.1259
3.1259
3.2737
3.3105
3.3996
3.3105
3.3996
3.3105
3.3996
3.3105
3.3996
3.3105
3.3996
3.3105
3.3996
3.348
3.4362
3.348
3.4362
3.3851
3.4219
3.4712
3.4075
3.5552
3.6248
3.5413
3.7053
3.6237
3.658
3.4918
3.4918
3.5274
3.4918
3.5274
3.4918
3.5274
3.4918
3.5274
3.4918
3.5274
3.4918
3.5274
3.4918
3.5274
3.4918
3.5274
3.4918
3.5274
3.4918
3.5274
3.4918
3.5274
3.4918
3.5274
3.4918
3.5274
3.4918
3.5274
3.4918
3.5274
3.4918
3.5274
3.4918
3.5274
3.4918
3.4063
3.3173
3.1882
3.1332
2.9961
2.9374
2.8946
2.8946
2.6815
2.6345
2.6345
2.5378
2.653
2.6715
2.7812
2.6898
2.945
2.7537
2.945
2.8416
3.0273
2.9858
3.0273
2.9858
2.8853
2.8416
2.6898
2.6898
2.6913
2.5288
2.4805
2.3569
2.4805
2.4093
2.4805
2.4093
2.5304
2.4607
2.6913
2.6258
2.6913
2.6258
2.6913
2.6258
2.6913
2.673
2.843
2.7193
2.9871
2.8696
3.1246
3.0124
3.2562
3.1488
3.2562
3.2795
3.2944
3.1882
3.1088
2.9961
3.0523
2.9374
2.7457
2.5005
2.45
2.45
2.45
2.45
2.4188
2.4699
2.4188
2.1593
2.3665
2.1238
1.98
1.9159
1.98
2.1238
2.2602
2.459
2.5778
2.7537
2.7987
2.7987
2.843
2.8602
2.9036
2.9036
2.9464
2.963
3.0048
3.0622
3.1584
3.2504
3.2887
3.2504
3.2887
3.2504
3.2887
3.2504
3.2887
3.2504
3.2887
3.2504
3.3265
3.3772
3.4504
3.4993
3.5701
3.6174
3.6858
3.7317
3.7981
3.8426
3.875
3.9504
3.9819
4.0553
4.0553
3.9695
4.0243
3.8169
3.8739
3.7841
3.8739
3.7841
3.8739
3.7841
3.8739
3.7841
3.8739
3.7841
3.8739
3.7841
3.8739
3.7841
3.8739
3.7841
3.8739
3.7841
3.8739
3.7841
3.8739
3.7841
3.8739
3.7841
3.8739
3.7841
3.8739
3.7841
3.8739
3.7841
3.8739
3.7841
3.8739
3.7841
3.8739
3.7841
3.8739
3.7841
3.8739
3.7841
3.8739
3.7841
3.8739
3.7841
3.8739
3.7841
3.8739
3.6714
3.7639
3.5198
3.4841
3.1643
3.1246
2.8682
2.8243
2.5866
2.5378
2.2918
2.2366
2.016
2.1238
1.8227
1.6505
1.6064
1.18
1.3193
1.3193
1.18
1.18
1.3193
1.3193
1.6064
1.6064
1.9413
1.9413
2.2264
2.2264
2.2818
2.2818
2.3569
2.3569
2.4093
2.4093
2.4093
2.4093
2.4607
2.4607
2.6258
2.6258
2.6258
2.6258
2.6258
2.6258
2.6258
2.6258
2.7812
2.7812
2.9283
2.9283
3.0684
3.0684
3.2023
3.2023
3.2411
3.1088
3.1488
3.093
2.9541
2.8946
2.7457
2.6345
2.5866
2.5378
2.3984
2.5378
2.3457
2.4881
2.2918
2.5571
2.3665
2.3131
2.3872
2.2818
2.5288
2.3872
2.6898
2.6898
2.8416
2.8416
2.8853
2.945
2.945
3.0035
2.9871
2.9871
3.0448
3.0448
3.1964
3.1964
3.3252
3.3252
3.3252
3.3252
3.3252
3.3252
3.3252
3.3252
3.3252
3.3252
3.3252
3.3252
3.3252
3.3626
3.3626
3.4853
3.4853
3.6038
3.6038
3.7185
3.7185
3.752
3.8298
3.8623
3.906
3.9379
3.7509
3.7841
3.658
3.7841
3.4918
3.6237
3.4559
3.589
3.4559
3.6237
3.4559
3.6237
3.4559
3.6237
3.4559
3.6237
3.4559
3.6237
3.4559
3.6237
3.4559
3.6237
3.4559
3.6237
3.4559
3.6237
3.4559
3.6237
3.4559
3.6237
3.4559
3.6237
3.4559
3.6237
3.4559
3.6237
3.4559
3.6237
3.4559
3.6237
3.4559
3.5059
3.3321
3.3839
3.2036
3.1643
3.0124
3.0684
2.9115
3.0523
2.8069
2.8511
2.762
2.8511
2.8069
2.8243
2.7973
3.0435
2.5481
2.7715
2.5481
2.4789
2.4076
2.3342
2.3342
2.4076
2.1468
2.2042
2.2042
2.2818
2.2818
2.4093
2.4805
2.4805
2.4805
2.5304
2.5304
2.6913
2.6913
2.6913
2.6913
2.6913
2.6913
2.6913
2.6913
2.6913
2.6913
2.6913
2.6913
2.843
2.843
2.9871
2.9871
3.1246
3.1246
3.2562
3.2562
3.3827
3.3827
3.4195
3.3827
3.2944
3.2562
3.1643
3.1246
2.9707
2.9283
2.8682
2.8243
2.8069
2.762
2.762
2.762
2.5378
2.7164
2.5378
2.7164
2.5378
2.5571
2.6243
2.459
2.5288
2.6898
2.7537
2.9022
2.9022
3.0435
2.9858
3.0843
3.0843
3.1402
3.0843
3.1798
3.1798
3.2341
3.2874
3.3772
3.3252
3.4993
3.4492
3.4993
3.4492
3.4993
3.4492
3.4993
3.4492
3.4993
3.4492
3.4993
3.4492
3.5349
3.4853
3.5701
3.521
3.6858
3.6383
3.7981
3.7185
3.752
3.797
3.8298
3.7841
3.906
3.658
3.7509
3.6237
3.589
3.6237
3.589
3.6237
3.589
3.6237
3.589
3.6237
3.589
3.6237
3.589
3.6237
3.589
3.6237
3.589
3.6237
3.589
3.6237
3.589
3.6237
3.589
3.6237
3.589
3.6237
3.589
3.6237
3.589
3.5059
3.47
3.3321
3.2944
3.1488
3.1088
3.0523
3.0111
2.8946
3.0684
2.8511
3.0273
2.9115
3.0843
2.8682
2.9858
2.7178
2.9616
2.7178
3.0435
2.9283
3.1785
3.0684
3.3602
3.163
3.3748
3.163
3.1785
3.0273
2.9858
2.9283
2.8853
2.8853
2.843
2.8162
2.7094
3.0782
2.8957
2.8787
2.729
2.6828
2.835
2.729
2.729
2.9218
3.0211
3.0622
3.1571
3.1964
3.2874
3.3252
3.4128
3.4492
3.5337
3.5689
3.6506
3.6847
3.6506
3.6372
3.6027
3.554
3.1882
2.4113
2.0919
1.8542
2.0313
1.8542
1.6395
1.7425
1.6692
1.5925
1.5925
1.5441
1.9551
1.653
1.9551
1.8901
2.2384
2.2602
2.3682
2.2384
2.3682
2.3149
2.4913
2.3682
2.4913
2.4406
2.6086
2.5602
2.8881
2.7826
2.8881
2.7826
2.8445
2.7826
2.8445
2.7826
2.8445
2.7826
2.8445
2.7826
2.8445
2.7826
2.8881
2.8272
3.03
2.972
3.1656
3.1101
3.2956
3.2424
3.457
3.5059
3.5765
3.658
3.692
3.658
3.658
3.658
3.6237
3.658
3.6237
3.658
3.6237
3.6237
3.589
3.589
3.589
3.589
3.589
3.589
3.589
3.589
3.589
3.589
3.589
3.589
3.589
3.589
3.589
3.589
3.589
3.589
3.589
3.589
3.589
3.589
3.589
3.589
3.589
3.589
3.589
3.589
3.589
3.589
3.589
3.589
3.589
3.589
3.589
3.589
3.589
3.589
3.589
3.589
3.589
3.47
3.47
3.3468
3.3468
3.2189
3.1246
2.9283
2.8243
2.762
2.5378
2.4881
2.2366
2.2366
2.1238
1.978
1.6505
1.3727
0.97273
1.0219
1.0219
0.83439
0.59
1.0219
1.0219
1.18
1.18
1.4452
1.7113
1.8102
2.1938
2.1938
2.2264
2.1938
2.2501
2.138
2.055
2.0806
2.1149
2.2179
2.3262
2.4513
2.5018
2.5689
2.4313
2.5513
2.4821
2.4513
2.6459
2.729
3.0048
3.1172
3.1415
3.1571
3.2725
3.4128
3.3984
3.5337
3.3105
3.4841
3.4207
3.6847
3.7053
3.906
3.6248
3.7841
3.5413
3.658
3.457
3.5413
3.1882
3.2411
3.1332
2.7732
2.6345
2.5005
2.6345
2.3796
2.2721
1.9936
1.9936
1.6983
1.9572
1.8922
2.1837
2.1025
2.3682
2.3682
2.607
2.607
2.6546
2.6546
2.7193
2.7193
2.7649
2.7649
2.8272
2.8272
2.9898
2.9898
3.1272
3.1272
3.1272
3.1272
3.1272
3.1272
3.1272
3.1272
3.1272
3.1272
3.1272
3.1272
3.1272
3.1669
3.2968
3.2968
3.4219
3.3851
3.3706
3.3333
3.457
3.457
3.5413
3.5765
3.6237
3.658
3.6237
3.6237
3.589
3.6237
3.554
3.589
3.554
3.589
3.554
3.589
3.589
3.589
3.589
3.589
3.589
3.589
3.589
3.589
3.589
3.589
3.589
3.589
3.589
3.589
3.589
3.589
3.589
3.589
3.589
3.589
3.589
3.589
3.589
3.589
3.589
3.589
3.589
3.589
3.589
3.589
3.589
3.589
3.589
3.589
3.589
3.589
3.589
3.589
3.47
3.47
3.3468
3.3468
3.1643
3.1643
3.0843
3.0273
2.8243
2.762
2.4881
2.4881
2.2366
2.2366
1.978
1.978
1.5756
1.6064
1.2816
1.2816
1.18
1.18
1.3193
1.4452
1.3193
1.4452
1.7113
1.8102
1.9413
2.029
2.2264
2.3032
2.3569
2.4296
2.4296
2.5002
2.4805
2.5497
2.4805
2.5497
2.5304
2.5983
2.6913
2.7552
2.6913
2.8002
2.6913
2.8002
2.7373
2.9464
2.8867
3.0856
3.0287
3.2189
3.1643
3.3468
3.2944
3.47
3.4195
3.589
3.4559
3.6237
3.2795
3.4195
3.093
3.2023
2.6815
2.0919
2.1942
1.9688
2.1942
1.9043
2.1364
1.9298
2.2936
2.018
2.2384
1.9551
1.98
1.6231
1.98
1.9551
2.1006
2.2384
2.5093
2.4897
2.6715
2.607
2.7812
2.673
2.7812
2.5882
2.7635
2.6546
2.8257
2.8272
2.9297
2.972
3.0697
2.972
3.0697
2.972
3.0697
2.972
3.0697
2.972
3.0697
3.0138
3.0697
3.055
3.2036
3.1895
3.3321
3.3186
3.3694
3.356
3.4063
3.356
3.4063
3.4428
3.4918
3.5274
3.5274
3.4918
3.4918
3.3173
3.4559
3.3173
3.4559
3.3173
3.4559
3.3173
3.4559
3.3173
3.4559
3.3173
3.4559
3.3173
3.4559
3.3173
3.4559
3.3173
3.4559
3.3173
3.4559
3.3173
3.4559
3.3173
3.4559
3.3173
3.4559
3.3173
3.4559
3.3173
3.4559
3.3173
3.4559
3.3173
3.4559
3.3173
3.4559
3.3173
3.4559
3.3173
3.4559
3.3173
3.4559
3.3173
3.4559
3.3173
3.4559
3.3173
3.4559
3.3173
3.4559
3.2795
3.4195
3.2411
2.5778
3.2795
3.3827
3.2411
2.4789
2.2818
2.2818
2.0046
2.0046
2.0046
1.6824
1.9413
2.0661
1.7551
2.2264
2.8682
2.439
2.5394
2.0422
3.2132
4.0442
3.6124
4.1359
4.087
3.8506
3.9819
3.9265
4.086
4.0009
3.0375
2.9221
0.83439
0.83439
0.83439
1.0219
0.83439
0.83439
0.59
0.59
0.59
0.59
0.59
0.83439
1.2394
1.2394
1.0219
1.0219
1.18
1.0219
1.18
0.59
0.83439
0.83439
0.83439
0.83439
0.59
1.0219
1.0219
1.18
1.18
1.3193
1.4452
1.3193
1.3193
1.561
1.7113
1.8102
2.029
2.113
2.4497
2.4497
2.5002
2.3569
2.5002
2.5002
2.5497
2.5497
2.6171
2.7094
2.8787
3.0211
3.1185
3.2874
3.2504
3.4128
3.3772
3.4128
3.414
3.4492
3.414
3.4492
3.414
3.4853
3.5349
3.521
3.6518
3.6383
3.765
3.6725
3.7981
3.7851
3.9071
3.8945
4.0131
3.9265
4.1165
4.032
4.1467
4.032
4.1467
4.032
4.1467
4.032
4.1467
4.032
4.1467
4.032
4.1467
4.032
4.1467
4.032
4.1467
4.032
4.1467
4.032
4.1467
4.032
4.1467
4.032
4.1467
4.032
4.1467
4.032
4.1467
4.032
4.1467
4.032
4.1467
4.032
4.1467
4.032
4.1467
4.032
4.1467
4.032
4.1467
4.0629
4.2289
3.914
4.1992
3.7922
4.086
3.7591
3.9379
3.7257
3.7841
3.5627
3.7841
3.5274
3.7509
3.6237
3.7174
3.4559
3.554
3.554
3.3827
3.3827
3.2023
2.4789
2.336
2.2818
2.0661
2.0046
2.2818
2.1257
2.6997
2.5691
2.2164
1.2026
0.92092
0.92092
0.77337
0.77337
1.1377
1.1377
1.2816
1.2816
1.5292
1.4109
1.4109
1.3193
1.18
1.0219
1.18
1.18
1.3193
1.3193
1.4452
1.3193
1.561
1.4452
1.561
1.4452
1.561
1.4452
1.561
1.4452
1.561
1.4452
1.561
1.4452
1.561
1.4452
1.561
1.4452
1.561
1.4452
1.561
1.4452
1.8102
1.7113
2.029
1.9413
2.2264
2.0046
2.2818
2.0661
2.2818
2.0661
2.2818
2.0661
2.2818
2.0661
2.2818
2.0661
2.2818
2.0661
2.2818
2.0661
2.2818
2.0661
2.2818
2.0661
2.2818
2.0661
2.2818
2.0661
2.2818
2.0661
2.2818
2.0661
2.2818
2.0661
2.2818
2.0661
2.2818
2.0661
2.2818
2.0661
2.2042
1.98
2.1238
1.98
2.0402
1.8901
2.1238
1.8901
2.1238
2.1006
2.3131
1.7956
2.1238
1.98
2.2042
1.98
2.2818
2.0661
2.3569
2.336
2.459
2.336
2.6898
2.439
2.439
2.3149
2.336
2.3149
2.1487
1.8922
1.7551
2.3569
1.8516
1.9434
1.7551
1.6824
1.7829
1.7829
1.7829
1.6064
1.8102
1.561
1.9039
1.561
2.113
1.9039
2.4296
2.1938
2.7094
2.5481
2.7537
2.7973
3.0448
3.0435
3.1952
3.1402
3.3252
3.2341
3.4128
3.2341
3.3252
3.2725
3.4492
3.3984
3.4492
3.3984
3.4492
3.3984
3.4492
3.3984
3.4853
3.435
3.6038
3.5552
3.7185
3.5901
3.752
3.6248
3.8623
3.7389
3.9695
3.8496
4.0009
3.8819
4.0009
3.8819
4.0009
3.8819
4.0009
3.8819
4.0009
3.8819
4.0009
3.8819
4.0009
3.8819
4.0009
3.8819
4.0009
3.8819
4.0009
3.8819
4.0009
3.8819
4.0009
3.8819
4.0009
3.8819
4.0009
3.8819
4.0009
3.8819
3.9695
3.8496
3.9379
3.8496
3.8169
3.9379
3.8169
3.7841
3.658
3.658
3.4918
3.6237
3.4918
3.6237
3.4918
3.6237
3.4918
3.5059
3.4918
3.5059
3.4918
3.5059
3.3694
3.589
3.4559
3.589
3.4559
3.5187
3.2411
3.3456
2.6898
2.4789
2.336
2.2264
2.336
2.1257
2.7635
2.9707
2.8083
2.8853
2.7457
2.7457
2.4001
2.5691
2.9975
3.0537
2.8974
3.1101
2.7937
2.7649
2.6189
2.7012
2.7307
2.9555
2.7746
2.6647
2.7112
2.7923
2.7923
2.8974
2.7746
2.8367
2.9221
2.9988
2.8804
3.1357
3.0227
3.0389
2.8804
3.0797
2.9811
3.0389
3.0227
2.8539
2.6647
2.7027
2.7112
2.2638
2.5516
2.3717
2.4533
2.7373
2.4533
2.4716
2.5021
2.7908
2.5985
2.2164
1.4609
0.92092
1.427
1.0479
1.2993
1.2993
1.2993
1.427
1.427
1.2394
1.3727
0.83439
1.0219
1.0219
1.0219
0
1.0219
0.83439
1.0219
1.4941
1.18
1.3727
1.7113
1.7113
1.7113
1.4109
1.5292
1.3193
1.77
1.7421
1.9316
1.561
1.6688
1.6391
1.9316
2.1938
1.9932
1.9039
1.7113
1.7829
1.5292
1.4109
1.3193
1.4109
1.9159
2.0046
1.7829
1.7113
2.0661
2.0897
2.5967
2.3032
2.5967
2.5762
2.8416
2.6243
2.7812
2.5762
2.3665
2.5093
2.52
2.6898
2.7812
2.9871
3.1259
3.2862
3.2036
3.1798
3.1656
3.324
3.2424
3.1246
3.0537
3.1246
3.1501
3.2725
3.3333
3.3984
3.3333
3.3984
3.3333
3.5198
3.457
3.6372
3.493
3.6714
3.5286
3.7053
3.6457
3.7389
3.6457
3.7721
3.6457
3.7721
3.6457
3.7721
3.6457
3.7721
3.6457
3.7721
3.7591
3.8819
3.7922
3.8819
3.7922
3.8819
3.7922
3.8819
3.7922
3.914
3.7922
3.914
3.7922
3.7591
3.8819
3.7591
3.8496
3.5976
3.8819
3.5976
3.7257
3.9695
3.8819
3.8819
3.8819
3.8819
3.8819
3.8496
3.7257
3.5765
3.7053
3.5765
3.5901
3.457
3.4207
3.5059
3.5059
3.5413
3.658
3.589
3.658
3.658
3.658
3.589
3.658
3.5413
3.5413
3.6237
3.5413
3.6714
3.6237
3.6237
3.47
3.3321
3.1643
2.9707
2.8853
3.1088
2.7635
2.7178
2.459
2.336
2.336
2.0661
2.2042
2.2602
1.9413
1.6824
1.7829
2.0661
2.163
2.0442
2.3166
2.3166
2.5602
1.9821
2.6258
2.4406
3.0035
2.5394
3.1402
2.7178
2.945
2.4188
2.607
2.3149
2.3889
2.1025
2.2384
2.1025
2.5587
2.3682
2.4406
2.3665
2.4188
2.7178
2.6715
2.8069
2.6055
2.762
2.8069
3.0287
2.9283
2.9115
2.9541
3.0537
3.0697
3.1882
2.8083
3.0375
2.8525
3.0943
2.6997
2.7178
2.45
2.5587
2.3984
2.5778
2.4699
2.8602
2.7178
2.9616
2.4406
3.1002
2.7178
3.1002
2.7635
2.8416
2.4188
2.7358
2.4001
2.9036
2.4913
2.9036
2.541
3.2341
2.7193
3.1402
2.6086
3.2712
2.8098
3.3345
3.0856
3.1501
2.683
2.7307
2.683
2.8539
2.8098
2.9568
3.1501
3.1501
3.0138
3.1895
3.1501
3.493
3.4428
3.457
3.1882
3.2657
3.1345
3.3186
3.3186
3.2657
2.3474
2.45
1.0937
0.83439
0.83439
0.83439
0.59
0.59
0.59
0.59
1.1992
1.3365
1.3365
1.3365
1.2394
1.3727
1.18
1.18
1.3193
1.18
1.18
1.3193
1.18
0.83439
1.0219
0.83439
0.59
0.59
0.59
0.59
0.59
0.77337
0.59
0.83439
0.83439
0.59
0.59
0.59
0.59
0.83439
1.0219
1.18
1.0219
1.3193
1.4452
1.4452
1.3193
1.0219
1.0219
0.83439
1.0219
0.59
0.83439
0.83439
1.0219
1.3193
1.3193
1.3193
1.561
1.18
1.3193
1.4452
1.561
1.3193
1.18
1.18
1.0219
1.4452
1.4452
1.6064
1.7113
2.029
2.113
2.4497
2.3776
2.5002
2.5288
2.6629
2.6898
2.7358
2.8243
2.945
2.9283
3.0448
3.0856
3.2341
3.2189
3.2341
3.2189
3.2341
3.2189
3.2725
3.2575
3.3984
3.3839
3.3984
3.3839
3.435
3.4207
3.5552
3.457
3.5552
3.457
3.5552
3.493
3.5552
3.5286
3.6714
3.6457
3.7841
3.7591
3.8169
3.7591
3.8169
3.7591
3.8169
3.7591
3.8169
3.7591
3.8169
3.7591
3.8169
3.7591
3.8169
3.7591
3.8169
3.7591
3.8169
3.7591
3.8169
3.7591
3.8169
3.7591
3.8169
3.7591
3.8169
3.7591
3.8169
3.7591
3.8169
3.7591
3.8169
3.7591
3.8169
3.7591
3.7257
3.7257
3.6322
4.1467
3.8496
4.0009
3.8496
4.0009
3.8496
4.0009
3.8496
4.0009
3.8496
3.9695
3.692
3.9379
3.906
3.7841
3.8739
3.6237
3.7174
3.589
3.554
3.4195
3.3827
3.3827
2.9283
2.4789
2.2264
2.2264
2.0046
1.9413
2.0046
1.9413
2.2402
3.4559
3.589
3.589
3.7174
3.4195
3.554
3.2411
3.3456
3.0273
2.8853
2.5093
2.2818
2.2042
2.4205
2.2936
2.636
4.0563
3.9321
3.8169
3.5765
3.5765
3.3706
3.6237
3.6847
3.356
3.4853
3.5765
4.1347
4.1947
3.8564
3.877
3.8564
3.8002
3.9012
3.6602
3.6185
3.3198
3.7327
3.7075
4.0085
3.9849
3.9771
3.9092
3.6674
3.688
3.4504
3.2832
3.1114
3.2981
3.4864
3.7672
3.536
3.606
3.521
3.7196
3.5133
3.6858
3.1656
3.3333
3.2189
3.4362
3.5005
3.6869
3.6185
3.3117
3.5372
3.3638
3.7002
3.3117
3.4373
3.2201
3.5005
3.3996
3.8387
3.4853
3.536
3.4723
3.3784
3.435
3.3996
3.1114
3.2201
2.871
3.4787
2.9734
3.805
3.3851
3.3996
3.2956
3.3626
3.1501
3.1101
2.896
2.7193
2.7908
2.972
3.1501
3.4853
3.435
3.6038
3.4712
3.7981
3.435
3.435
3.1656
3.0697
3.0537
3.3105
3.2036
3.6652
3.4853
3.778
3.414
3.698
3.3626
3.6309
3.3626
3.2725
3.1259
2.9885
2.9129
3.4271
3.2575
3.811
3.4853
3.9002
3.3626
3.7981
3.3996
3.9638
3.3996
3.6518
2.7649
3.3839
3.0138
3.6383
3.348
3.765
3.521
3.9196
3.5701
4.1228
3.4853
3.8426
3.6174
3.5552
3.3105
3.1488
3.2575
3.2272
3.4712
3.7448
3.4853
3.7459
3.3626
3.765
3.3984
3.8426
3.5337
3.5552
3.47
3.4195
3.2562
3.2807
3.3105
3.6174
3.4128
3.5221
3.4993
3.8564
3.6506
3.9012
3.3321
2.8525
2.9541
2.5707
2.8352
2.896
2.8696
2.9555
3.1656
3.2956
3.2956
3.4063
3.3468
3.2956
3.2036
2.7923
2.6997
2.6173
2.636
2.896
3.0287
3.2272
3.1811
3.3839
3.3984
3.2424
3.2575
3.0697
3.0287
2.541
2.7635
2.5882
2.9871
2.7649
3.2504
3.1259
3.3772
3.1101
3.3772
3.2189
2.9885
2.7471
2.6086
2.5882
2.7826
2.9555
3.2353
3.2036
3.3772
3.2048
3.2353
3.2424
3.6309
3.1656
3.3105
2.9129
2.673
2.5216
2.9885
3.0537
3.3614
3.2424
3.4492
3.2048
3.5689
3.2807
3.5689
3.3333
3.4492
2.9555
3.2189
2.896
3.3468
3.1101
3.6027
3.1259
3.6506
3.3105
3.698
3.2575
3.6506
3.3984
3.7769
3.2575
3.6027
2.7635
3.2023
2.9297
3.47
3.1246
3.5678
3.2189
3.698
3.3984
3.7639
3.3468
3.8099
3.3984
3.6847
3.1246
3.3468
2.9707
3.435
3.2189
3.6847
3.3614
3.8426
3.3614
3.7317
3.3614
3.7317
3.3614
3.8227
3.3468
3.5815
2.018
1.4298
0.83439
1.0219
0.83439
0.83439
0.83439
0.59
0.59
1.1992
1.1992
1.3365
1.3365
1.3365
1.3365
1.3365
1.3727
1.3727
1.0219
0.59
0.59
1.0219
1.0219
0.83439
1.0219
1.4452
1.561
1.4452
1.9039
1.8102
1.9039
1.9039
2.1938
2.029
2.1714
2.1714
2.3776
2.2718
2.3793
2.1149
2.2179
2.138
2.1399
2.1957
2.138
2.305
1.9952
2.3586
2.5002
2.4805
2.6629
2.5288
2.5077
2.2818
1.6983
1.98
1.7979
2.1819
2.079
2.0661
1.9572
2.2602
2.3474
2.6715
2.4205
2.9022
2.4913
2.7797
2.52
3.0435
2.8083
2.945
2.9129
2.945
2.7471
2.9871
2.7012
2.673
2.5897
2.5602
2.5216
2.607
2.4205
2.673
2.3682
1.9319
1.7979
1.9319
1.7979
1.7979
1.7551
1.5467
1.4968
1.6554
1.6089
1.8922
2.0661
2.3682
2.5093
2.5394
2.5378
2.6815
2.6997
2.7908
2.8257
2.8525
2.7193
2.6173
2.4205
2.4516
2.2953
2.2721
2.3474
2.2936
2.4205
2.3682
2.4406
2.3889
2.673
2.5587
2.7358
2.6243
2.7987
2.6243
2.7178
2.653
2.7812
2.7178
3.0287
3.0697
3.2189
3.0697
3.1643
3.0537
3.2575
3.2807
3.4207
3.2807
3.4207
3.2807
3.4207
3.2807
3.4207
3.2807
3.4207
3.2807
3.4207
3.2807
3.4207
3.2807
3.4207
3.3186
3.5413
3.4428
3.658
3.5627
3.692
3.5627
3.692
3.5627
3.7257
3.5976
3.7257
3.4285
3.5627
3.2889
3.5274
3.2889
3.658
3.2506
3.6237
3.2506
3.6237
3.2506
3.6237
3.2506
3.6237
3.2506
3.6237
3.1188
3.4559
2.9811
3.4559
2.9811
3.3321
2.9388
3.1488
2.879
2.9541
2.6173
2.6815
2.5005
2.7457
2.6815
2.8682
2.6997
2.8853
3.0856
3.2105
3.1798
3.1558
3.1402
3.1002
3.0111
3.0843
2.9283
3.1798
3.1246
3.2492
3.3468
3.3252
3.1798
3.4128
3.2575
3.3252
3.3468
3.4492
3.2575
3.4128
3.2036
3.1015
2.9297
2.9885
3.1571
2.7826
3.1172
2.6913
2.7729
2.3377
2.5967
2.336
2.7537
2.5587
2.8588
2.6243
2.9191
2.7812
3.0596
3.0273
3.1939
3.0273
3.3602
3.0684
3.3972
3.0684
3.3456
3.0523
3.4338
3.1088
3.4338
3.1488
3.3468
3.1088
3.47
3.1088
3.47
3.1088
3.554
3.2023
3.589
3.2411
3.554
3.2023
3.589
3.2411
3.4338
3.1088
3.3468
3.1088
3.47
2.9707
3.4338
2.9283
3.5059
3.0124
3.47
3.0684
3.589
3.2411
3.589
3.2023
3.47
3.1088
3.6237
3.2411
3.589
3.1088
3.5059
3.1488
3.6237
3.2795
3.4559
3.1728
3.2795
3.1728
3.2795
3.1332
3.1332
3.0624
3.1332
3.0624
3.4789
3.9265
4.0131
3.7721
3.9265
3.8623
3.8506
3.7721
3.9582
3.7268
3.9265
3.818
3.8051
3.8945
3.914
4.0009
3.914
4.0009
3.914
4.0009
3.914
4.0009
4.032
4.0009
4.032
4.0009
4.032
4.0009
4.032
4.0009
3.914
3.8819
3.8819
3.8819
3.7257
3.8819
3.6322
3.7257
3.6322
3.6322
3.9458
4.1542
3.9773
4.0397
3.8576
4.0086
3.825
3.9773
3.8576
3.9773
3.8576
3.9773
3.8576
3.9773
3.8576
3.9458
3.825
3.914
3.7922
3.914
3.6322
3.7257
3.2889
3.3919
3.0624
3.1728
3.0375
2.9961
2.896
3.0537
2.8696
3.0287
2.607
2.653
2.439
2.3665
1.8901
1.6959
1.6206
1.7246
1.4609
1.4609
1.2816
1.2816
1.4109
1.18
1.4452
1.18
1.18
1.3193
1.561
1.561
1.4452
1.561
1.77
1.6688
1.6688
1.561
1.4452
1.561
1.3193
1.561
1.4452
1.4452
1.4452
1.4452
1.6391
1.8102
1.8124
1.9039
1.906
2.029
2.031
2.3776
2.305
2.5288
2.336
2.5778
2.4607
2.8602
2.6913
2.843
2.8002
2.9036
2.673
2.5897
2.9129
2.5021
2.7635
2.4315
2.7635
2.1153
2.6715
1.9956
2.6715
2.2182
2.5587
2.1383
2.439
2.2402
2.5778
2.018
2.6715
2.4913
3.0843
2.7635
3.2562
2.8525
3.3092
3.0697
3.2944
2.8525
3.2944
2.9129
3.3839
3.071
3.5552
3.2048
3.5552
3.2048
3.5552
3.2048
3.5552
3.2048
3.5552
3.2048
3.5552
3.2048
3.5552
3.2436
3.5901
3.3706
3.7053
3.4075
3.7389
3.5286
3.8051
3.5638
3.8379
3.6798
3.9458
3.7922
3.9773
3.7922
4.0936
3.8899
3.9458
3.9773
3.825
3.9458
3.914
3.914
3.914
3.8819
3.7922
3.7257
3.7922
3.7257
3.825
3.7257
3.825
3.7257
3.825
3.7257
3.9458
3.7257
3.9458
3.692
3.914
3.692
3.8819
3.692
3.7257
3.5627
3.8169
3.5274
3.7841
3.4918
3.7841
3.4918
3.7509
3.589
3.7509
3.589
3.7509
3.589
3.7509
3.47
3.6372
3.2944
3.47
2.9541
3.2944
2.8511
3.2023
2.8511
3.0111
2.762
2.762
2.7797
2.8416
2.5762
2.6429
2.2818
2.2264
2.1468
1.7528
1.1992
1.2394
1.1377
0.83439
1.0219
1.0219
1.6064
1.6064
1.7113
1.9039
2.029
2.029
1.7829
1.7829
1.8495
1.6064
1.8516
1.6089
1.7421
1.6688
2.031
2.1149
2.3569
2.1938
2.1714
2.2501
2.4607
2.4805
2.5778
2.4805
2.6258
2.5602
2.7193
2.5793
2.7193
2.6745
2.9555
2.7826
2.9129
2.7826
2.8098
3.1101
3.1345
3.2036
3.2272
3.4559
3.3548
3.4559
3.3548
3.3321
3.2272
3.4918
3.3919
3.4559
3.3548
3.3694
3.2657
3.4918
3.3919
3.5274
3.3919
3.4063
3.2657
3.4063
3.2657
3.4063
3.1345
3.3694
3.0943
3.2807
2.9975
3.2424
3.0537
3.3694
3.2272
3.2944
3.1488
3.0697
3.0943
3.3321
3.1882
3.4195
3.1882
3.3321
3.0943
3.3321
3.0537
3.3694
3.1728
3.1488
2.9961
2.8525
2.636
2.8946
2.7457
2.8511
2.45
2.5866
2.3457
2.5378
2.3665
2.5762
2.439
2.459
2.459
2.5288
2.5288
2.459
2.3872
2.0661
1.7113
1.9434
1.9572
1.918
2.1837
2.4805
2.4607
2.7729
2.6913
2.9205
2.5304
2.7094
2.5109
2.8176
2.5793
2.7552
2.5602
2.6459
2.7373
2.7552
2.6913
2.7552
2.843
2.9036
2.8867
3.0448
2.8257
2.9871
2.7635
2.9871
2.7635
2.9871
2.9283
3.1402
3.1643
3.324
3.2562
3.3602
3.3827
3.5678
3.4195
3.3972
3.0523
3.1246
3.1332
3.2725
3.1882
3.3614
3.3694
3.5198
3.5274
3.6372
3.4918
3.6372
3.5274
3.6372
3.4918
3.5198
3.3548
3.5552
3.5274
3.6714
3.5274
3.6714
3.5274
3.6714
3.5274
3.6714
3.5274
3.6714
3.5627
3.7841
3.5976
3.7841
3.5976
3.7841
3.5976
3.7841
3.5976
3.6714
3.5976
3.7053
3.5627
3.7841
3.5976
3.8169
3.5976
3.7841
3.4648
3.6237
3.1188
3.3321
2.7746
2.8525
2.6647
2.7457
2.3589
2.52
2.9693
2.5378
3.0843
2.5394
2.7797
2.4188
2.6243
2.1238
2.459
2.0046
2.1238
1.8227
2.2042
1.5756
2.0046
1.6824
2.0046
1.7829
2.3262
2.138
2.5002
2.138
2.5002
2.2179
2.6629
2.4713
2.7729
2.6358
2.9959
2.8522
3.0211
2.8957
3.0373
2.9552
3.3558
3.2434
3.3184
3.1112
2.8631
3.0387
3.0225
3.1739
3.0622
3.3546
3.3772
3.6444
3.4634
3.6918
3.5349
3.6785
3.6174
3.8366
3.6518
3.791
3.7185
3.8553
3.9829
4.1821
4.1885
4.252
4.2876
4.2813
4.2876
4.3783
4.2876
4.3783
4.3166
4.3783
4.3166
4.3783
4.3166
4.3783
4.3166
4.3783
4.3166
4.3783
4.3166
4.3783
4.3166
4.3783
4.3166
4.3783
4.3455
4.4732
4.3455
4.4732
4.3455
4.4732
4.3455
4.4732
4.3455
4.4732
4.3455
4.4732
4.0629
4.3384
3.7257
3.5627
3.3919
3.4428
3.4063
3.457
3.4207
3.2807
3.435
3.2424
3.3468
3.1488
3.2562
3.2562
2.9283
3.0273
2.9115
3.0843
3.0124
3.2712
3.2189
3.4116
3.2036
3.3602
2.9707
3.1785
3.1798
3.0843
3.1015
2.9871
2.9464
2.9297
2.9297
2.8696
2.9297
2.8696
2.9297
2.8696
2.8867
2.8257
2.8867
2.8257
2.9297
3.0287
3.0697
3.1643
3.2036
3.2036
3.2424
3.2424
3.2807
3.3694
3.5413
3.4559
3.4918
3.3173
3.4559
3.3173
3.4918
3.3173
3.4918
3.3173
3.4918
3.1882
3.3694
3.1882
3.3694
3.1882
3.4559
3.2795
3.4918
3.1882
3.1728
2.9961
2.9374
2.6173
2.7277
2.3053
2.2504
2.0313
2.3265
1.9043
2.1942
1.9043
2.3474
2.018
2.5394
2.1025
2.5394
2.3682
2.8257
2.4699
2.8083
2.52
2.8083
2.52
2.8525
2.636
2.9129
2.7012
3.071
2.8098
3.2048
2.9555
3.2048
2.9555
3.2048
2.9555
3.2048
2.9555
3.1656
2.9129
2.972
2.8098
2.8272
2.8272
2.972
2.972
2.972
3.0697
3.0697
3.1643
3.1643
3.2562
3.2944
3.3827
3.4195
3.4195
3.4559
3.4195
3.4559
3.4195
3.4559
3.4195
3.4559
3.554
3.4559
3.554
3.4559
3.554
3.4559
3.554
3.4559
3.554
3.4559
3.554
3.4559
3.554
3.4559
3.554
3.4559
3.554
3.4559
3.554
3.4559
3.554
3.2795
3.2411
3.093
3.0523
2.8511
2.7457
2.8069
2.6997
2.8682
2.45
2.5866
2.3984
2.653
2.5394
2.7358
2.7178
2.7987
2.7812
2.945
2.9283
3.0843
2.9115
3.0684
2.9115
3.0684
3.0124
3.1643
3.0697
3.0448
3.0856
3.0448
3.0448
3.1402
2.843
2.843
2.9205
2.6913
2.7552
2.5109
2.6913
2.6258
2.6913
2.6258
2.6913
2.5109
2.6913
2.673
2.7373
2.7193
2.8867
2.9707
3.1246
3.1488
3.2944
3.2411
3.3827
3.2795
3.4559
3.2795
3.4195
3.1882
3.3321
3.3173
3.4559
3.3173
3.4559
3.3173
3.4559
3.3173
3.4559
3.3173
3.4559
3.3173
3.4559
3.3173
3.4559
3.3173
3.4559
3.3173
3.4559
3.3173
3.4559
3.3173
3.4559
3.3173
3.4559
3.3173
3.4559
3.3173
3.4559
3.3173
3.4559
3.3173
3.4559
3.3173
3.4559
3.3173
3.4559
3.3173
3.4559
3.3173
3.4559
3.3173
3.4559
3.3173
3.4559
3.3173
3.4559
3.3173
3.4559
3.3173
3.4559
3.2795
3.2795
3.093
3.2411
3.0523
2.3889
2.0661
2.2264
2.0046
2.1837
3.4559
3.3321
3.1246
3.2944
3.1643
3.2562
3.0273
2.8853
2.9541
2.8243
3.1332
2.896
3.3414
3.5059
3.2132
3.3694
2.9235
3.3173
3.1043
3.3186
2.9493
3.0784
2.8019
2.9221
2.7405
2.7732
2.5323
2.7292
2.2874
2.7292
2.5812
2.9388
2.8193
3.0375
4.696
3.7002
4.3575
3.6529
3.9895
3.348
3.6529
3.5838
3.4504
3.3117
3.521
3.3117
3.9331
3.4219
3.8886
3.2353
3.8691
3.2737
3.5005
3.1259
3.5838
3.2575
3.6049
3.414
3.348
3.0697
3.2436
2.683
3.3996
2.607
3.2201
3.1114
3.4853
3.3996
3.7661
3.5712
3.9071
3.5425
3.7862
3.3345
3.7991
4.0804
3.7338
4.0318
4.1063
4.1766
4.0824
4.3453
3.9962
4.3453
3.8517
4.0385
2.9066
1.0219
0.83439
0.83439
0.97273
1.3922
1.1992
1.2993
1.2993
1.427
1.3365
1.3365
1.3365
1.4609
1.3727
1.3727
1.0219
0.83439
1.0219
1.18
1.3193
1.4452
1.561
1.8102
1.6688
1.9932
1.9039
2.113
2.1938
2.3262
2.3776
2.4497
2.2501
2.3793
2.2736
2.295
2.0806
2.2197
2.2736
2.4713
2.6171
2.5213
2.7275
2.7906
2.7729
2.9795
2.8773
2.9372
2.7729
2.835
2.5983
2.5983
2.5793
2.6258
2.7812
2.9283
2.9871
3.0273
3.1402
3.1402
3.324
2.9871
3.2862
3.0448
3.3387
3.1798
3.3602
3.2023
3.5326
3.2944
3.6162
3.3984
3.6641
3.3839
3.6506
3.435
3.698
3.4712
3.7317
3.5901
3.8426
3.5901
3.8426
3.5901
3.8426
3.5901
3.8426
3.5901
3.8426
3.4712
3.7317
3.4712
3.7317
3.4712
3.8426
3.6714
4.0243
3.8169
4.086
3.7841
4.0553
3.8496
4.1165
3.7841
4.086
3.7053
4.0131
3.8169
4.1165
3.8169
4.1165
3.8169
4.1165
3.8169
3.9695
3.658
3.8169
3.7841
3.7841
3.6237
3.6237
3.4918
3.4918
3.3919
3.589
3.5627
3.5627
3.5274
3.3919
3.3919
3.3919
3.3919
3.3919
3.4285
3.4285
3.4285
3.4285
3.4285
3.5007
3.3919
3.5007
3.4285
3.5007
3.3919
3.4648
3.2657
3.4285
3.3919
3.3919
3.3919
3.3919
3.3919
3.5274
3.3919
3.5274
3.3919
3.5274
3.3919
3.4063
3.2272
3.3694
3.1882
3.1882
3.1643
3.554
3.3456
3.4195
3.2411
3.2023
3.093
3.2023
2.8352
3.0784
2.683
2.6189
2.5037
2.8193
2.683
2.7292
2.7746
2.896
2.879
3.0375
2.8352
2.9541
2.683
2.8083
2.4001
2.607
2.5021
2.6546
2.1383
2.653
2.1153
2.2164
1.8374
1.8374
1.3727
0.77337
0.77337
0.77337
0.59
0.59
1.0219
1.0219
1.18
1.18
1.4452
1.3193
1.4452
1.18
1.18
1.0219
1.3193
1.18
1.3193
1.3193
1.4452
1.3193
1.4452
1.3193
1.4109
1.5756
1.5756
1.5441
1.5441
1.3365
1.5441
1.5441
1.5756
1.4609
1.4609
1.5756
1.4941
1.6064
1.3193
1.3193
1.18
1.3193
1.4452
1.0219
0.97273
0.77337
0.92092
0.5
0.59
1.1377
0.83439
1.1377
1.3193
1.7829
1.8102
1.7829
1.8102
1.6824
1.7113
1.6089
1.5292
1.5292
1.4452
1.6089
1.5292
1.7137
1.4452
1.9434
1.9434
2.1487
2.1487
2.1487
1.7829
1.918
2.0422
1.8516
2.2602
2.1505
2.1487
1.6848
1.8516
1.7574
1.7574
1.653
2.0661
1.5781
2.3889
2.1257
2.4897
2.4897
2.9283
2.9871
3.2189
2.9707
2.9283
2.9115
2.9297
2.8696
3.1415
2.8696
2.9885
2.972
3.2725
3.2036
3.3105
3.2424
3.2725
3.2036
3.3105
3.2424
3.2725
3.2036
3.1811
3.1501
3.3851
3.3186
3.507
3.4428
3.6248
3.4428
3.6248
3.4428
3.7389
3.5627
3.8496
3.5976
3.8496
3.6322
3.8819
3.6322
3.8819
3.6322
3.8819
3.6322
3.8819
3.6322
3.8819
3.6322
3.8819
3.6322
3.8819
3.6322
3.8496
3.5976
3.8496
3.5627
3.8169
3.5627
3.8169
3.5627
3.8169
3.5627
3.8169
3.658
3.8169
3.658
3.692
3.5976
3.658
3.7257
3.6237
3.7257
3.589
3.692
3.589
3.692
3.589
3.692
3.6237
3.692
3.6237
3.692
3.6237
3.692
3.6237
3.658
3.589
3.6237
3.589
3.6237
3.589
3.4559
3.4195
3.3173
3.2411
3.1728
2.6715
2.3889
2.2818
2.336
2.0661
3.4195
3.3173
3.2795
3.2795
3.4918
3.4559
3.3173
3.4195
3.3173
3.2411
2.0422
1.5756
0.97273
0.97273
0.77337
0.77337
0.77337
1.2993
1.427
1.3365
1.3365
1.3365
1.3365
1.3727
1.4941
1.18
1.18
1.18
1.3193
1.4452
1.3193
1.4452
1.4452
1.561
1.3193
1.3193
1.3193
1.4109
1.4452
1.4452
1.3193
1.6391
1.4452
1.77
1.6688
1.9316
1.77
2.3471
1.9932
2.2718
2.3776
2.3776
2.2818
2.4296
2.4093
2.6629
2.6913
2.9795
2.9036
3.1172
2.9885
3.1964
3.1259
3.2725
3.0287
3.2189
2.6546
3.2189
2.7635
3.3614
2.9707
3.5826
3.1798
3.5826
3.1643
3.5826
3.1798
3.5826
3.0287
3.4841
3.1088
3.6847
3.3321
3.9942
3.5413
3.9942
3.5413
3.9942
3.5413
3.9942
3.5413
3.9942
3.5413
3.9942
3.5413
3.9942
3.5413
3.9942
3.5413
3.9942
3.5413
3.9942
3.5413
3.9942
3.5413
3.9942
3.5413
4.098
3.658
4.1992
3.692
4.1992
3.692
4.1992
3.692
4.1992
3.692
4.1992
3.692
4.1992
3.692
4.1992
3.692
4.0553
3.658
3.906
3.4918
3.7509
3.4559
3.7174
3.2795
3.554
3.093
3.3827
3.093
3.3827
3.093
3.3827
3.093
3.3827
3.093
3.3827
3.093
3.3827
3.093
3.4195
3.093
3.2411
3.2411
3.0523
2.9541
2.2264
2.0661
1.9413
2.0046
1.9413
2.0046
1.9413
2.0046
1.9413
2.0046
1.9413
2.0046
1.9413
2.0046
1.9413
2.0046
1.9413
2.0046
1.9413
2.0046
1.9413
2.0046
1.9413
1.9413
1.7551
2.02
3.4063
3.6714
3.4918
3.589
3.3548
3.4559
3.1332
3.4195
3.2795
3.4195
3.2411
3.1643
3.0124
3.2036
3.1488
3.3321
3.1488
3.2944
3.1088
3.3321
2.9541
3.1088
2.7908
3.0273
2.8069
3.0273
2.5882
2.8853
2.439
2.5587
2.0661
2.7797
3.3321
3.0638
3.2807
2.9811
3.0943
3.2272
2.9555
2.896
2.9129
2.8525
2.5882
3.0375
2.9961
2.9961
2.9115
2.7471
2.8525
2.896
2.8083
2.8525
3.3333
3.3851
3.1501
3.507
3.2956
3.4207
3.457
3.5901
3.5059
3.6858
3.7196
4.0385
3.9196
3.9648
3.7981
3.8447
3.5413
3.8633
3.6931
3.5776
3.4918
3.5286
3.0375
2.9221
3.0523
1.9688
1.0219
0.83439
0.83439
0.59
0.59
0.59
0.83439
0.83439
0.83439
0.83439
0.59
0.59
0.59
0.59
1.09
0.59
0.59
0.83439
0.83439
0.83439
1.2394
0.83439
0.83439
1.0219
1.0219
0.59
0.83439
1.0219
1.4452
1.4452
1.3193
1.0219
1.4941
1.6824
1.2816
0.97273
0.77337
0.97273
1.1377
1.4109
1.9434
1.878
2.3569
2.3569
2.3569
2.4076
2.3569
2.2042
2.2042
2.0046
2.1487
1.9434
2.031
1.9705
2.033
2.033
2.411
2.411
2.6273
2.6913
2.8867
2.6913
2.7826
2.7373
2.8867
2.5793
2.9297
2.7826
3.0287
2.8272
3.1101
2.9297
3.2036
3.1501
3.2424
3.2036
3.3321
3.2807
3.3694
3.4918
3.5274
3.4063
3.5274
3.5274
3.5274
3.5274
3.5274
3.5274
3.5274
3.5274
3.5274
3.5274
3.5274
3.5274
3.5274
3.5274
3.5274
3.5274
3.5274
3.5274
3.5274
3.5274
3.5274
3.5274
3.5274
3.5274
3.5274
3.5274
3.5274
3.5274
3.5274
3.5274
3.5274
3.5274
3.5274
3.5274
3.5274
3.5274
3.5274
3.5274
3.5274
3.4918
3.4918
3.4559
3.4559
3.4559
3.4195
3.2795
3.2411
3.2795
3.2411
3.2411
3.0523
3.2795
3.1332
3.093
3.093
3.093
3.093
3.093
3.093
3.093
3.093
2.8946
3.3173
3.2506
3.5627
3.9695
3.7257
3.8819
3.7257
3.7257
3.8496
3.7257
3.8169
3.692
3.8169
3.658
3.8169
3.658
3.7841
3.658
3.692
3.658
3.5976
3.4918
3.3919
2.8352
2.9797
2.52
2.7277
2.3457
2.3984
1.7681
1.5925
1.6505
1.427
0.97273
1.3365
1.2394
1.4941
1.18
1.0219
1.0219
1.4452
1.4452
1.7113
1.4452
1.7113
1.4941
1.4109
1.1377
1.18
1.0219
1.1377
1.4109
1.3193
1.561
1.6391
1.7421
1.9039
1.9039
1.6688
1.9039
1.9039
1.7113
1.7113
1.9039
2.029
2.055
2.305
2.3776
2.4296
2.5497
2.3586
2.411
2.305
2.4607
2.6913
2.9871
2.9871
3.2712
3.0287
3.2189
3.2036
3.3468
3.1643
3.3468
2.9297
3.0448
2.7193
2.8257
2.5216
2.636
2.6173
2.7457
2.7277
2.8525
2.9374
3.0697
3.1488
3.2036
3.2795
3.2944
3.3321
3.2424
3.093
3.1332
3.1332
3.2272
3.0124
3.0943
2.8525
2.9388
3.0537
3.0784
3.1488
3.2272
3.3321
3.4063
3.3321
3.2807
3.2036
3.0943
2.9541
2.6997
2.5882
2.4188
2.45
2.5394
2.8946
2.9283
3.1088
3.1246
3.2944
3.3092
3.3321
3.2036
3.1643
2.9541
2.8946
2.9961
2.9541
3.0943
3.0124
3.2436
3.0287
3.3333
3.2189
3.2956
3.2189
3.2956
3.2189
3.2956
3.2575
3.3333
3.2956
3.3706
3.3333
3.3706
3.3333
3.1895
3.1501
3.0389
2.9555
3.1501
3.1101
3.2807
3.2424
3.4063
3.3694
3.5274
3.4918
3.5274
3.4918
3.5274
3.4918
3.5274
3.4918
3.5274
3.4918
3.5274
3.5274
3.5274
3.5274
3.5627
3.5274
3.5274
3.4918
3.5274
3.4918
3.5274
3.4918
3.5274
3.4918
3.5274
3.4918
3.5274
3.4918
3.5274
3.5274
3.5274
3.4918
3.3919
3.3173
3.212
3.2795
3.1728
3.2411
3.1728
3.2795
3.1728
2.5778
2.4406
2.5778
2.4406
2.5778
2.4406
2.5778
2.4406
2.5778
2.4406
2.5288
2.3889
2.2818
2.336
2.2818
2.336
2.2818
2.336
2.2818
2.336
2.2818
2.2818
2.2264
2.0046
2.0046
2.0046
1.9413
1.9413
1.6824
1.6824
3.093
3.1332
3.3173
3.212
3.692
4.0243
3.7389
3.8298
3.7389
3.8819
4.0009
3.6457
3.8945
3.7922
3.9458
3.6665
3.9458
3.8703
3.8379
3.7268
3.6931
3.4582
3.5147
3.444
3.6124
3.9829
3.9829
3.8633
4.2937
4.1595
4.0064
4.0264
3.8238
3.7981
3.9952
3.6259
3.7196
3.6124
3.9706
3.915
3.7851
3.8829
3.6248
3.4297
3.5901
3.444
3.348
3.2285
3.0956
3.356
3.493
3.6457
3.6457
3.6457
3.6457
3.6457
3.6457
3.5627
3.3038
3.2657
2.9811
2.896
3.4219
3.457
3.9638
3.811
4.4409
3.8564
4.276
3.752
1.7704
1.0219
1.0219
0.83439
0.83439
0.59
0.59
0.59
0.59
0.83439
1.3365
1.3365
1.3365
1.3365
1.3727
1.2394
0.59
0.59
0.59
0.59
0.83439
0.83439
0.83439
1.0219
1.18
1.0219
0.83439
0.83439
0.59
1.0219
0.83439
0.83439
0.59
0.59
0.59
0.59
0.59
0.83439
0.97273
0.97273
1.2394
1.3727
1.3727
1.0219
1.0219
0.83439
1.0219
1.0219
1.4941
1.3193
1.8102
1.561
1.6391
1.4452
1.561
1.4452
1.7137
1.3193
1.3193
1.3193
1.7137
1.561
2.2718
1.77
2.295
2.0787
2.5197
2.2718
2.295
2.1938
2.0787
1.9685
1.9952
1.7137
2.0787
2.031
2.4513
2.305
2.6812
2.5497
2.7906
3.0035
3.1713
3.2328
3.2105
3.2176
3.4623
3.4338
3.5815
3.47
3.3602
3.3321
3.3092
3.2944
3.2562
3.0124
3.2176
3.1088
3.0684
3.1488
3.0111
2.5866
2.5005
2.653
2.45
2.6055
2.4205
2.4188
2.4205
2.8602
2.5602
2.6444
2.5602
2.8602
2.6546
3.0035
2.8696
3.1402
3.0124
3.1798
3.0537
3.2341
3.1656
3.1028
3.0138
3.0462
2.8539
2.9477
2.9975
3.1811
3.1501
3.3626
3.3851
3.414
3.3333
3.4853
3.2968
3.2201
2.972
2.871
2.4716
2.6173
2.2739
2.683
2.1383
2.0919
2.2504
2.0313
2.0553
2.1153
2.079
2.1383
2.1025
1.8661
1.7979
1.8661
1.5925
1.7704
1.7979
1.7979
1.7979
1.8922
2.1257
2.262
2.4607
2.3377
2.5304
2.6459
2.6273
2.4423
2.3906
2.3166
2.2402
2.3184
2.1856
2.1276
2.1276
2.5618
2.6745
2.6928
2.4607
2.5809
2.262
2.5618
2.4406
2.3906
2.2936
2.3149
2.4897
2.6715
2.9283
3.0287
3.3092
3.3468
3.3972
3.3105
3.3468
3.2956
3.2944
3.4063
3.3173
3.4063
3.3694
3.4075
3.4219
3.5082
3.4219
3.1908
3.2436
2.8974
3.1501
3.0389
3.2807
3.435
3.3186
3.6858
3.5425
3.6049
3.493
3.4864
3.2968
3.4008
3.2819
3.3851
3.2285
3.6259
3.444
3.9081
3.7268
4.0452
3.8051
4.1175
3.8379
4.0452
3.8051
4.0452
3.6124
3.5987
3.5638
3.4801
3.444
3.4801
3.356
3.4075
3.3186
3.0227
3.0943
2.7292
3.2424
2.9388
3.4207
3.1741
3.6714
3.1188
3.3186
3.1741
3.1114
3.5563
2.7937
2.9975
2.5707
3.2575
2.8367
3.521
3.2048
3.791
3.3851
3.805
3.5349
4.0868
3.4646
3.7255
3.3626
3.5826
3.2575
3.5838
3.5005
4.0748
3.958
4.201
3.6663
4.3679
3.8238
4.0007
3.435
3.8366
3.2956
3.7448
3.2424
3.3839
3.1488
3.0375
3.1088
2.9961
3.1643
3.0124
3.1246
2.9707
3.1798
3.2189
3.324
3.3984
3.3092
3.3839
3.3092
3.2575
3.2189
3.2956
3.2189
3.1101
3.1259
3.1272
3.3252
3.1272
3.1811
3.071
3.0609
3.03
3.3252
3.1811
3.3023
3.34
3.3023
3.3917
3.5273
3.4283
3.3023
3.3772
3.34
3.3626
3.4634
3.414
3.5487
3.3117
3.778
3.4864
3.778
3.521
3.778
3.6858
3.778
3.811
4.0496
3.9196
3.9628
4.0375
4.1521
3.9196
4.0794
3.7185
3.778
3.6858
3.6652
3.4712
3.5349
3.507
3.5198
3.4712
3.6847
3.6038
3.9628
3.765
4.0674
3.9196
4.1521
3.9504
3.8553
3.7317
3.778
3.4841
3.4492
3.1643
3.0537
3.1798
3.0943
3.2189
3.0943
3.1488
3.2424
3.2189
3.2036
3.0287
3.0111
2.8257
2.9707
2.7635
2.52
2.6997
2.6546
2.8867
2.7826
2.7193
2.7193
2.7193
2.905
2.8617
2.8272
2.7193
2.905
2.7208
2.9885
2.9477
3.0869
3.0062
3.213
2.8016
2.7388
2.8631
2.8631
2.9232
2.9477
3.0062
3.2887
3.3941
3.694
3.7871
4.1183
4.2316
4.1776
4.1485
3.7931
3.9159
3.9782
4.0207
3.9962
3.8574
4.0264
3.9638
4.1293
4.0573
4.3227
4.099
4.2128
4.2298
4.4025
4.299
4.1303
4.2298
4.2308
4.424
4.3289
4.3568
4.1303
4.3568
4.2308
4.2478
4.3904
4.3
4.2128
4.1595
4.2128
4.1119
4.1119
4.2128
4.1238
4.183
4.0814
4.1412
4.0264
4.2708
4.0264
4.2118
3.8308
4.2011
3.521
3.9071
3.2048
3.752
3.2201
3.8436
3.1101
3.4207
3.0943
3.7196
2.9961
3.765
2.9374
3.6858
3.1656
3.9638
3.1656
3.6518
2.9961
3.4492
3.0856
3.6796
3.0287
3.4787
2.7373
3.1964
2.843
3.4283
3.0035
3.0211
2.459
2.8445
2.2602
3.0211
2.4805
2.5793
2.2061
2.411
2.068
2.1505
2.0067
2.5793
2.262
2.1837
1.8272
2.3889
2.0442
2.3682
1.8922
2.2384
1.825
2.4205
2.0422
2.607
2.1025
2.5882
2.1837
3.1415
2.6928
3.2189
2.7826
3.1246
2.673
3.2341
3.0048
3.376
3.1571
3.5963
3.3035
3.7255
3.2504
3.4271
2.9898
3.4283
3.5487
3.6578
3.4152
3.4426
3.5487
3.8494
3.7791
3.8943
3.5221
3.8366
3.5701
3.791
3.3265
3.5974
3.3117
3.7123
3.6663
3.6785
3.4853
3.3996
3.2956
3.435
3.3851
3.521
3.5349
3.9138
3.3626
3.7589
3.9138
4.2297
3.7123
3.9884
3.7589
3.7123
3.3851
3.9446
3.6652
3.7255
3.7791
4.0627
3.7589
3.8504
3.5563
3.414
3.6991
3.414
3.2587
2.7373
3.3105
3.2887
3.3851
3.4928
3.5133
3.1739
3.0475
3.4426
3.3035
3.5561
3.6122
3.7387
3.6929
3.4787
3.4504
3.5838
3.8701
4.0329
4.2884
4.0748
4.3688
4.4084
4.6336
4.6433
4.6864
4.7073
4.5471
4.4367
4.0824
4.2379
4.3184
4.5968
4.7338
4.7704
4.7338
4.6815
4.4648
4.5145
4.0768
4.5901
3.9284
4.2019
3.9273
4.3809
3.959
4.4367
4.4639
4.8925
4.6222
4.8825
4.4136
4.5579
4.3463
4.6759
4.1063
4.3861
4.1357
4.5078
4.0207
4.4308
3.9456
4.3628
4.1648
4.6377
4.0074
4.3515
4.098
4.087
3.8426
4.1595
3.5552
3.7064
3.5413
4.0573
3.7185
4.1119
3.7196
3.9952
3.6383
4.0693
3.5563
4.0064
3.6847
3.7851
3.5901
3.9389
3.7185
3.8955
3.6038
3.7851
3.4207
3.5286
3.2424
3.6591
3.3105
3.6248
3.5552
3.7064
3.4207
3.5765
3.3321
3.7389
3.3321
3.5901
2.9541
3.2424
2.8083
3.2424
2.8525
2.9707
2.6173
3.1643
3.0375
3.1402
2.9115
2.7178
2.5691
2.7987
2.7193
2.6258
2.4205
2.4897
2.4913
2.8257
2.4205
2.5793
2.4913
2.8002
2.673
2.6928
2.4205
2.673
2.7826
3.0062
2.9297
3.0462
2.972
3.071
3.071
3.3772
3.2587
3.2737
2.871
2.972
2.4205
2.5897
2.2182
2.5216
2.4716
2.7471
3.0124
3.1501
3.2341
3.2575
3.2725
3.2956
3.1015
3.0697
2.673
2.7457
2.4897
1.8805
1.8396
1.9064
2.2739
2.2739
2.37
2.2402
2.3906
2.4913
2.6459
2.7193
2.8002
2.6546
2.8257
2.7012
2.9297
2.541
2.7826
2.4732
2.6745
2.5618
2.8016
2.7027
2.8881
2.8112
2.931
2.7027
2.8881
2.6845
3.071
2.7923
3.1811
2.8974
3.2201
3.1895
3.348
3.0956
3.2201
2.9143
3.03
2.7042
2.8272
2.6376
2.972
2.8974
3.2956
3.1345
3.5413
3.3186
3.6714
3.4428
3.6372
3.4428
3.5198
3.2285
3.2725
3.055
3.2341
3.0375
3.3092
3.2807
3.4481
3.4063
3.6027
3.4428
3.5187
3.1332
3.3972
3.0375
3.47
3.1728
3.6027
3.4428
3.5198
3.4428
3.6372
3.4428
3.6714
3.4063
3.554
3.3173
3.4559
3.3919
3.5059
3.4063
3.5413
3.4789
3.5413
3.4428
3.3694
3.2285
3.5274
3.356
3.4918
3.2272
3.5765
3.0784
3.2807
3.2272
3.1501
3.0943
3.1895
2.9388
3.2424
2.9811
3.1345
2.9811
3.3694
3.2506
3.4285
3.143
3.3919
4.2937
4.6483
4.7996
4.7996
4.5069
4.5728
4.4016
4.5991
4.4409
4.4409
4.153
4.3731
4.3051
4.0506
4.1766
4.0318
4.2064
3.9895
4.1173
3.5974
3.8377
3.632
4.0758
3.7589
3.8838
3.6785
3.6796
3.611
3.773
3.611
3.8515
3.5774
3.806
3.5774
3.806
3.6122
3.5499
3.1428
3.3638
3.071
3.3929
3.1811
3.3265
3.0856
3.3412
2.7826
3.1811
2.673
3.0869
2.6745
2.9297
2.4406
3.0697
2.8696
3.3984
3.0856
3.6049
3.0537
3.765
3.1101
3.3706
2.896
3.493
3.2436
3.5286
3.2061
3.6591
3.2061
2.8633
2.2522
1.8805
1.6692
1.2993
1.2993
1.1992
1.1377
1.1377
1.8227
1.8227
1.9413
1.9159
1.6824
1.4609
1.2427
1.0937
1.1377
0.97273
1.2427
1.5441
1.4109
1.6824
2.1149
2.2282
2.4296
2.336
2.4296
2.2818
2.4805
2.3889
2.336
2.0661
2.2836
2.068
2.4313
2.2836
2.4821
2.2836
2.7552
2.6258
2.8002
2.673
2.9036
2.8257
3.0856
2.9707
3.1798
2.9707
3.2189
3.0537
3.3468
3.1882
3.3468
3.1882
3.3468
3.2272
3.3839
3.2272
3.5059
3.3548
3.6237
3.3919
3.6237
3.4285
3.6237
3.4285
3.6237
3.4285
3.6237
3.3038
3.5059
3.3038
3.5059
3.3038
3.5059
3.3038
3.589
3.4285
3.589
3.3919
3.554
3.3919
3.554
3.3919
3.4338
3.2657
3.47
3.3038
3.589
3.4285
3.589
3.3919
3.589
3.3919
3.589
3.3919
3.589
3.3919
3.589
3.3919
3.589
3.3919
3.589
3.3919
3.589
3.3919
3.589
3.3919
3.589
3.3548
3.4918
3.1728
2.9129
2.8525
2.6546
3.4428
3.4428
3.0943
3.0943
2.896
2.9811
2.7457
2.636
2.5691
2.2739
2.079
2.5691
2.9388
3.3468
3.3694
3.3972
3.2575
3.1952
3.1259
3.0035
2.7012
2.7178
2.6546
2.607
2.6546
2.439
2.5587
2.5093
2.7373
2.6171
2.6913
2.2282
2.4093
1.878
2.0067
1.4609
0.92092
0.92092
1.0479
0.97273
1.3756
1.2816
1.2427
1.2427
1.5756
1.5756
1.1377
0.97273
1.0937
1.3365
1.3395
1.3365
1.4637
1.3365
1.8538
1.6824
1.6554
1.4609
1.7574
1.4609
1.4637
1.4609
1.6848
1.5756
1.8801
1.8516
1.8801
1.4968
2.0569
1.7137
2.1399
1.4968
1.9705
1.8124
2.4015
2.2836
2.5513
2.2079
2.6171
2.1505
2.532
2.2079
2.3586
2.0442
2.1025
1.9821
2.2936
2.5602
2.6546
2.6258
2.8083
2.9464
2.871
2.9283
2.7923
2.4699
2.3813
2.2182
2.4533
2.0553
2.5021
2.2739
2.6376
2.2402
2.8272
2.6086
2.7649
2.4913
2.6745
2.4205
2.7649
2.4913
2.871
2.3682
2.8272
2.37
2.7388
2.8257
2.5602
2.541
2.1611
2.1837
2.0661
1.7979
1.7704
1.6959
1.6959
1.427
1.727
2.1593
2.2384
2.3665
2.3889
2.439
2.4897
2.4188
2.4699
2.4188
2.5394
2.4699
2.636
2.5394
2.7012
2.7012
2.871
2.9555
3.055
2.8539
2.9143
2.5707
2.4732
2.2182
2.22
1.9319
2.081
1.8922
2.163
2.068
2.1856
2.0916
2.4423
2.23
2.6086
2.3377
2.8272
2.4406
2.896
2.7635
2.9129
3.0124
3.1501
3.1656
3.2048
3.071
3.1501
3.071
3.3706
3.1114
3.3333
3.3706
3.457
3.4075
3.457
3.3706
3.3333
3.4075
3.493
3.3706
3.457
3.2819
3.3706
3.3198
3.457
3.444
3.6112
3.6457
3.6112
3.7591
3.7841
3.7257
3.8496
3.7591
3.8169
3.6112
3.6591
3.3706
3.7721
3.493
3.7851
3.457
3.9695
3.6714
3.8945
3.6714
3.8623
3.6372
3.7389
3.7174
3.6714
3.4841
3.6248
3.5198
3.7053
3.6714
3.8169
3.7509
3.7841
3.5552
3.6714
3.3984
3.589
3.2036
3.2411
2.8682
2.653
2.6997
2.7635
2.8511
3.0287
2.6546
3.0856
2.673
3.0609
2.5109
2.7537
2.3149
2.5093
2.3984
2.6715
2.439
2.7537
2.6258
2.9372
2.9036
2.9205
2.7987
3.0769
3.0448
3.0609
2.7178
2.7537
2.3682
2.7388
2.8881
2.8881
2.9643
2.7388
3.0622
2.7826
2.8881
2.8539
3.0151
2.7208
2.7664
2.6376
2.7027
3.071
3.275
3.4362
3.4864
3.5913
3.5221
3.457
3.4219
3.2285
3.2819
3.3186
3.7196
3.2669
3.8574
3.6457
4.183
3.9839
4.374
3.8897
4.0085
4.2138
4.2946
4.2946
4.183
3.9962
4.0814
4.088
4.1412
3.9839
4.0693
3.9706
4.0563
3.8319
4.0385
3.9829
4.1412
3.877
3.8574
3.753
3.8436
3.6124
3.8564
3.6248
3.6991
3.6124
3.876
3.6591
3.7317
3.4075
3.6248
3.5425
3.752
3.3718
3.507
3.4219
3.6248
3.4075
3.5765
3.457
3.7053
3.6112
3.7389
3.4063
3.658
3.3186
3.658
3.3786
3.818
3.7064
3.94
4.3628
4.2128
4.2937
4.0264
4.1412
3.818
4.1284
3.5776
3.8623
3.4582
4.075
4.0684
3.9389
4.3619
4.1703
4.0804
3.876
3.8308
3.811
4.0074
4.0506
4.1228
4.3165
4.3843
4.3973
4.6491
4.898
4.5902
4.7187
4.6646
4.7649
4.3913
4.7443
4.4479
4.8061
4.5688
4.8927
4.5038
4.5795
4.1615
4.2717
3.2657
3.3786
3.093
3.2506
2.9961
3.2506
2.9541
3.2272
3.0287
3.3038
2.8257
3.2807
2.6258
3.1101
2.4897
3.0537
2.5866
3.1488
2.9115
3.4712
3.2189
3.4712
3.2036
3.457
3.2575
3.7196
3.2956
3.5563
3.1345
3.4075
2.896
3.4219
2.9555
2.9975
2.4205
2.0573
2.4406
1.9319
2.1025
1.9319
2.0422
2.0442
2.3149
2.4913
2.439
2.673
2.5288
2.4205
2.2602
2.079
2.1006
2.1611
2.3149
2.4205
2.1819
2.6258
2.6258
2.6546
2.6055
2.607
2.4897
2.3682
2.4897
2.4897
2.653
2.9036
2.7635
2.8867
2.7635
3.0856
3.0124
3.0856
2.9115
2.8257
2.7457
2.972
2.8083
3.1656
2.7457
3.1101
2.52
3.0138
2.5882
3.071
2.8083
3.1272
2.673
3.0869
2.8257
3.2201
2.9283
3.435
2.9541
3.0537
2.7635
2.6546
2.636
2.4716
2.52
2.5394
2.018
2.5882
2.4188
2.52
2.3665
2.1942
2.3665
2.3682
2.459
2.1025
2.2042
1.8922
2.0897
2.0067
2.029
1.727
2.029
1.918
2.113
2.0067
2.1938
1.8538
2.3776
2.3067
2.6812
2.5983
2.6812
2.262
2.4296
2.2854
2.3262
1.9201
2.1714
2.0087
2.0897
1.8272
1.9159
1.8944
2.459
2.541
2.6898
2.7826
2.8162
2.8696
2.9858
2.8696
2.6715
2.6546
2.3457
2.5691
2.6345
2.8083
2.8257
2.972
2.8257
3.2956
3.1101
3.2807
3.1088
3.435
3.0124
2.9975
2.7457
2.683
2.5691
2.6845
2.8525
2.8098
2.8696
2.871
2.7193
3.1259
3.1259
3.3626
3.1643
3.2575
3.1101
3.2575
3.1882
3.4207
3.0943
3.2424
3.0138
3.3851
3.1114
3.507
3.3333
3.6383
3.493
3.6725
3.5286
3.752
3.6457
3.7851
3.6457
3.752
3.5286
3.5425
3.356
3.507
3.2272
3.348
3.3694
3.3105
3.3468
3.5689
3.4492
3.5826
3.3105
3.3984
2.9129
3.0697
3.03
3.1259
2.6086
3.0287
2.7388
3.1571
3.0225
3.1415
2.7566
3.1015
2.8191
3.0035
2.7109
2.963
2.5983
2.8617
2.729
3.2504
2.9386
3.2655
3.1893
3.2117
2.9386
3.2117
2.5983
2.7552
2.1487
2.6913
2.1487
2.7552
2.4093
2.963
2.6444
3.0211
2.7094
2.7729
2.5093
2.4607
2.5093
2.6258
2.5778
3.3546
2.7987
3.1172
2.3906
2.8617
2.02
1.8396
1.8661
1.8661
1.8661
2.4913
2.2182
2.2402
2.2182
2.6086
2.7664
2.9477
2.7923
2.4423
2.6561
2.6289
2.8725
2.3394
2.4221
2.6289
2.9143
3.0882
2.8539
2.9898
2.7471
2.9324
2.9734
3.0314
2.9885
3.1441
3.4658
3.6331
3.632
3.6674
3.6049
3.9342
3.7661
4.1248
3.5082
3.8131
3.812
4.0274
4.0095
3.9716
4.0703
4.0152
4.0085
4.1713
3.8838
4.1422
4.2306
4.4197
4.3982
4.6654
4.5686
4.8383
4.7338
4.8374
4.5794
4.713
4.4358
4.8115
4.5686
4.908
4.918
4.9929
4.9686
5.0524
5.1686
5.192
5.3244
5.1686
5.357
5.1349
5.0427
5.3803
5.2356
5.2586
5.0178
4.9838
4.8624
4.7066
4.3289
4.6435
4.3577
4.5029
4.3577
4.5296
4.3464
4.5943
4.4138
4.6581
4.3742
4.6581
4.3742
4.6312
4.3455
4.6581
4.3166
4.5396
4.2876
4.5396
4.1467
4.5769
4.0009
4.5011
4.032
4.4732
4.032
4.3671
4.2289
4.1992
4.0131
4.0131
3.8945
3.9695
3.9695
3.9695
3.9695
3.8496
3.8169
3.7591
3.8169
3.6112
3.6237
3.457
3.3321
3.2424
3.1488
2.9541
3.2562
3.1488
3.3827
3.2023
3.483
3.2023
3.3827
3.0111
3.163
2.6715
2.8069
2.5394
2.653
2.3682
2.4699
2.2164
2.653
2.4699
2.8069
2.653
2.9269
2.9283
3.1785
3.0273
2.9269
2.7178
2.7358
2.6258
2.607
2.7178
2.7193
2.5587
2.5602
2.4607
2.532
2.6258
2.6928
2.673
2.8617
2.9871
3.1811
3.0697
3.3105
3.1643
3.3105
3.2036
3.3105
3.1643
3.1259
3.0124
3.2201
3.2036
3.348
3.2036
3.4712
3.2424
3.5901
3.3694
3.7053
3.4918
3.7841
3.5274
3.8169
3.5274
3.7841
3.5765
3.7053
3.6112
3.8169
3.6112
3.8169
3.6112
3.8169
3.6112
3.8169
3.6112
3.8496
3.7257
3.692
3.692
3.658
3.692
3.658
3.692
3.658
3.692
3.658
3.692
3.658
3.692
3.6237
3.692
3.658
3.692
3.658
3.692
3.658
3.692
3.6237
3.692
3.6237
3.692
3.6237
3.692
3.6237
3.658
3.589
3.6237
3.4195
3.4559
3.4559
3.2795
3.4195
3.2795
3.4195
3.2795
3.4195
3.2795
3.4195
3.2795
3.4195
3.2411
3.2411
3.0523
3.0523
3.0523
3.1728
3.401
3.8576
3.6665
3.7004
3.6665
3.6665
3.5007
3.5007
3.4648
3.5007
3.4285
3.4648
3.3919
3.4285
3.3548
3.3919
3.3548
3.9379
3.7841
3.7841
3.7509
3.8739
3.589
3.7509
3.554
3.589
3.4195
3.4195
3.2411
3.2411
3.2023
3.0523
2.2264
2.0661
2.0046
2.336
2.1257
2.8257
3.589
3.554
3.4195
3.3456
3.2411
2.8853
2.9115
2.7797
3.2023
2.9797
3.1728
2.8946
2.896
2.636
2.7923
2.4699
2.5394
2.2164
2.4897
2.1593
2.4897
2.2384
2.459
2.336
2.5288
2.2602
2.5077
2.2042
2.3342
2.1238
2.3131
2.0402
2.2584
2.2042
2.5967
2.2282
2.3569
2.0897
2.5967
2.4093
2.8416
2.2818
2.2584
1.7956
1.9551
2.0661
1.9159
1.5292
1.8516
1.9434
2.1714
1.0219
1.0219
0.83439
0.83439
0.59
0.59
0.59
0.59
0.83439
0.83439
0.83439
1.0219
1.18
1.18
1.18
1.18
1.3193
1.18
1.18
1.0219
1.0219
1.18
1.18
1.3193
1.4452
1.4452
1.3193
1.3193
1.4452
1.4452
1.4452
1.4452
1.4452
1.4452
1.4452
1.4452
1.4452
1.4452
1.4452
1.4452
1.4452
1.4452
1.4452
1.4452
1.4452
1.5292
1.5292
1.7829
1.7829
2.0046
2.0046
2.0661
2.0046
2.0661
2.0661
2.1257
2.0661
2.1257
2.0661
2.1257
2.0661
2.1257
2.0661
2.1257
2.0661
2.1257
2.0661
2.1257
2.0661
2.1257
2.0661
2.1257
2.0661
2.1257
2.0661
2.1257
2.0661
2.1257
2.0661
2.1257
2.0661
2.1257
2.0661
2.1257
2.0661
2.1257
2.0661
2.1257
2.0661
2.1257
2.0661
2.1257
2.0661
2.1257
2.0661
2.1257
2.0661
2.1257
2.0661
2.1257
2.0661
2.1257
2.0661
2.1257
2.0661
2.1257
2.0661
2.1257
2.0661
2.1257
2.0661
2.1257
2.0661
2.0661
2.0046
1.7551
1.7551
3.2944
3.3321
3.4195
3.4195
3.2795
3.6112
3.3414
3.4428
3.6248
1.3395
1.9551
1.0937
0.83439
0.59
0.59
0.59
0.92092
1.2993
1.427
1.3365
1.3365
1.3365
1.5756
1.4941
1.4941
1.0219
1.0219
1.0219
0.59
0
0
0.59
0.83439
0.59
1.0219
1.0219
1.3193
1.3193
1.3193
1.18
1.3193
1.18
1.18
1.0219
1.0219
1.0219
1.18
1.18
1.4452
1.3193
1.4452
1.18
1.3193
1.0219
1.2816
0.83439
1.18
1.1377
1.4968
1.2816
1.878
1.5292
1.6391
1.4109
1.6391
1.5292
1.6391
1.2816
1.4109
1.2816
1.8516
1.6824
2.2282
2.0046
2.4093
2.0046
2.2836
1.8516
2.4093
1.7829
2.3377
1.8516
2.4093
1.8516
2.3906
2.0661
2.336
2.0046
2.1257
1.6824
2.2042
1.9159
2.336
2.1238
2.6898
2.3872
2.8416
2.3665
2.8243
2.2384
2.5571
2.018
2.439
2.2384
2.439
2.3984
2.8853
2.8069
2.9858
2.8511
3.1233
2.8069
3.1233
2.4699
2.7797
2.5394
2.6715
2.2936
2.6258
2.653
2.9283
2.6997
3.0273
2.6055
2.9858
2.5394
2.8853
2.2602
2.6898
2.1257
2.6898
2.2602
2.7358
2.1257
2.8853
2.3149
2.9707
2.439
2.8416
2.2602
2.6258
2.3889
2.336
2.3889
2.6546
2.6546
2.8682
2.8083
2.8682
2.9541
2.9115
2.8525
2.7635
2.8525
2.6546
2.7471
2.6546
2.8525
2.8083
2.9388
3.093
3.1332
3.093
3.0375
2.7457
3.658
3.5274
3.3186
3.3186
3.4918
3.4428
3.3919
3.6322
3.5274
3.5976
3.658
3.6665
3.6237
3.6322
3.5765
3.5851
3.5765
3.7004
3.6112
3.8576
3.493
3.5362
3.4063
3.5007
3.4428
3.5007
3.4918
3.7591
3.5627
3.6457
3.5274
3.4789
3.2657
3.5501
3.5976
3.7257
3.5851
3.5976
3.5714
3.8051
3.7803
3.8051
3.8133
3.8703
3.9343
4.0639
4.0208
4.5029
4.5795
4.6808
4.5902
4.3009
4.628
4.3975
4.6549
4.5029
4.78
4.4369
4.5029
4.6808
4.3689
4.3689
4.3402
4.1303
4.0639
4.1175
4.166
4.0452
4.3455
4.1585
4.0936
3.9275
3.9265
3.7851
3.8506
3.7661
3.8623
3.6248
3.6248
3.3706
2.9374
1.8639
1.3951
1.427
1.4792
1.2993
1.1611
0.92092
0.97273
1.1377
1.2427
1.0937
1.5756
1.5756
1.2816
0.97273
0.97273
1.1377
1.1377
1.4109
1.4109
1.2816
1.2816
1.1377
1.18
1.18
1.0219
1.18
0.83439
1.18
1.18
1.4452
1.4452
1.6688
1.561
1.6688
1.9039
1.561
1.4109
1.7113
1.4941
1.8495
1.6824
2.029
1.878
2.2501
2.2836
2.2501
2.5778
2.5967
2.7812
2.7537
2.673
2.5093
2.4205
2.5093
2.4205
2.439
2.1837
2.5587
2.4913
2.8853
2.8257
3.1402
3.0287
3.1798
2.9707
3.0035
3.0287
3.1246
3.093
3.2023
3.1332
3.2944
3.2807
3.5198
3.4063
3.5198
3.4063
3.5198
3.4063
3.5552
3.2807
3.3468
3.0537
3.1643
2.8525
2.9707
2.8083
3.1246
3.0124
3.3092
3.2189
3.4982
3.2944
3.4841
3.3468
3.5337
3.2036
3.47
3.3173
3.589
3.3694
3.6714
3.457
3.8298
3.5765
3.8298
3.5765
3.8298
3.5765
3.8298
3.5413
3.6714
3.3694
3.6714
3.3694
3.5413
3.1882
3.3694
3.1882
3.3694
3.1488
3.2424
3.2272
3.2036
3.0537
3.1101
2.9555
3.1101
2.896
3.2272
2.7457
3.1332
2.6815
2.9797
3.0111
3.2023
3.093
3.1246
2.9707
3.1402
2.7826
2.9036
2.7193
3.0035
2.8083
2.9283
2.9115
3.0435
2.8257
3.0448
3.0856
3.2862
2.9464
3.2341
2.7552
3.1558
2.9464
3.1415
2.8696
3.0035
2.7812
3.0448
2.7193
2.945
2.6444
3.0198
2.5793
2.8602
2.5288
2.7079
2.5304
2.5497
2.7537
2.5481
2.7358
2.7987
2.8602
3.1159
3.0035
3.0609
3.2712
3.2862
3.1785
3.1002
3.1246
3.0124
3.0684
2.8083
2.6997
2.7635
2.8243
2.9707
2.9283
2.843
3.2328
2.7812
3.0843
3.0435
3.0435
2.9022
2.8853
2.8243
2.8243
2.8853
2.7812
3.0448
3.0448
3.0448
3.0035
3.1402
3.1798
3.0856
3.0856
3.0035
3.1402
3.0856
3.0856
2.9616
3.1402
3.0448
3.0856
2.7812
2.9616
2.7812
2.9464
2.7178
2.9022
2.5288
2.673
2.607
2.7797
2.8416
3.0684
2.9871
3.3602
2.9858
3.2176
3.0843
3.3972
3.0273
2.8853
2.8416
2.9283
2.8867
2.7358
2.7635
2.8853
2.7826
3.0856
2.7987
3.1002
2.5602
2.8257
2.7987
2.9022
2.7826
2.7373
2.7987
3.1002
2.7373
2.9871
2.843
2.945
2.6258
2.6913
2.6715
2.5093
2.336
2.439
2.7358
2.7178
2.9871
3.0287
2.945
3.1643
3.0287
2.8867
2.945
2.7812
2.7178
2.7457
2.8257
2.7635
2.9036
3.1259
3.0856
2.9464
3.0448
2.9464
2.9036
3.0856
3.0448
3.0448
2.9036
3.0697
3.0448
3.3092
3.1643
2.9297
2.7012
2.4001
2.2936
2.2953
2.2936
2.2936
2.1837
2.3166
2.607
2.607
2.7178
2.8257
2.7812
2.8682
2.8853
2.843
2.945
2.9283
3.0273
2.9115
3.1798
3.1798
3.2341
3.2424
3.2189
3.1488
3.1415
3.2048
3.2353
3.1656
3.1811
2.871
3.1259
2.8696
2.6997
2.8083
2.7178
3.0124
2.5587
2.7635
2.439
2.945
2.6444
2.5778
2.9022
2.843
2.9616
2.8696
2.6715
2.653
2.6715
2.8257
3.0843
3.1798
2.9283
2.9885
2.5882
2.9464
2.4001
3.1415
2.52
3.0448
2.4205
3.0035
2.4205
3.2642
2.4716
3.1867
2.2936
2.9795
2.4205
3.036
2.2164
3.1172
2.4716
2.8416
2.541
2.5093
2.2402
2.6715
2.4001
2.5093
2.4716
2.8162
2.6086
2.6913
2.541
2.8602
2.3906
2.5778
2.6086
2.6913
2.541
2.6459
2.5216
2.4607
2.7923
2.5109
2.7012
2.6913
2.7923
2.8257
2.8098
2.8682
2.7471
2.673
2.8539
2.673
2.541
2.541
2.1837
2.4716
2.3149
2.7012
2.3889
2.5882
2.0661
2.541
1.8516
2.7193
2.1487
2.8272
2.4607
2.9297
2.6258
3.0537
2.7178
3.03
2.6546
2.9143
2.7193
3.1669
2.7649
3.03
2.8696
3.071
2.9143
3.3117
2.9555
3.2214
2.9143
3.3117
2.972
3.3117
2.8098
3.1501
2.9129
3.1895
2.8098
3.1501
2.8696
3.03
2.9129
3.2956
3.2036
3.3333
3.1345
3.5765
3.2272
3.5765
2.9975
3.3321
2.9555
3.6112
3.0956
3.5901
3.1501
3.6725
3.2807
3.4063
3.1101
3.3173
3.1882
3.5976
3.4063
3.875
3.3321
3.7851
3.2657
3.6847
3.1332
3.5413
3.0784
3.765
3.5901
3.7185
3.521
3.877
3.4362
3.8623
3.2807
3.9839
3.3333
4.099
3.5552
4.1
3.8238
4.3227
4.0924
4.5629
4.0074
4.2424
3.6383
4.2138
3.7196
4.1
3.5901
3.877
3.4362
4.0264
3.2575
3.8002
3.414
4.1119
3.4362
4.0217
3.3626
3.8259
3.3626
3.6331
3.2504
3.1836
3.5625
3.4362
2.931
3.275
3.3048
3.6529
3.2214
4.0027
3.0869
3.6466
3.2599
3.7145
3.1513
3.6196
3.2981
3.5723
3.4735
3.7931
3.3492
3.6466
3.4373
3.806
3.606
3.9148
3.6869
3.6185
3.7207
3.6991
3.7661
3.778
3.9081
3.9196
3.9081
3.8876
3.8319
3.8691
3.6736
3.6383
3.8633
3.752
3.9706
3.6725
4.075
3.7851
4.033
3.7851
4.1055
3.9695
4.2362
4.0009
4.1768
3.7053
4.075
3.5765
3.8945
3.3839
3.493
3.3839
3.692
3.4559
3.8169
3.589
4.0553
3.6714
4.1284
3.589
4.0553
3.5552
3.875
3.4195
3.6237
3.4195
3.7053
3.5552
3.9071
3.6714
3.875
3.6372
3.8426
3.6372
3.8426
3.6372
3.8426
3.6372
3.8426
3.6372
3.8426
3.6372
3.8426
3.6372
3.8426
3.6372
3.8426
3.6027
3.8426
3.6714
3.6847
3.5059
3.5552
3.5765
3.6714
3.692
3.7841
3.5765
3.6714
3.4063
3.5413
3.2272
3.4063
3.2506
3.3173
3.2506
3.2795
3.0784
3.3548
3.3919
3.3919
3.1188
3.2272
2.9811
3.1741
3.1188
3.0943
2.879
2.7471
2.6647
2.3265
2.3265
2.2504
2.0771
2.2164
2.2164
2.2384
2.1819
2.2042
1.98
1.98
2.1238
2.3131
2.2042
2.3131
2.1238
2.2366
1.8227
2.1006
1.7551
1.98
1.5756
1.9159
1.653
1.9159
1.6824
2.0046
1.8516
2.3569
2.2042
2.4789
2.0897
2.2264
1.9159
2.2264
1.7551
2.3569
1.7829
2.3032
1.878
2.0046
1.18
1.4968
1.6824
2.0661
2.2264
2.5778
2.1938
2.3776
2.113
2.305
2.1938
2.5967
2.3032
2.336
2.1468
2.1468
2.1468
2.2061
2.1487
2.4296
2.2264
2.3149
2.3149
2.6243
2.3872
2.3889
2.2602
2.3872
2.459
2.2818
2.2818
2.2818
2.0661
2.2818
2.0661
2.3569
2.0661
2.2602
2.0661
2.4296
2.2282
2.439
2.0422
2.4188
2.2384
2.5587
2.4607
2.607
2.3889
2.7178
2.5304
2.9464
2.4607
2.9871
2.6913
2.8867
2.843
2.7812
2.8257
2.9707
2.9297
2.6546
2.7826
2.9297
2.9297
3.2424
3.1101
3.1246
3.1101
2.9975
3.1895
2.9374
3.1882
2.9961
3.3105
3.1088
3.4853
3.0943
3.2956
2.896
2.8539
3.0943
3.2807
2.896
2.9555
2.8525
3.2272
3.2819
3.7802
3.4853
3.3333
3.4864
3.4942
3.3105
2.896
3.1345
2.6662
3.055
2.6376
3.2048
2.7027
3.3718
3.0956
3.507
3.1895
3.8319
3.4075
3.5425
3.356
3.444
3.2132
3.444
3.5297
3.4297
3.6333
3.6468
3.7933
3.6468
3.7933
3.6468
3.8261
3.6468
3.8261
3.7602
3.9343
3.7602
3.9024
3.6468
3.7471
3.5147
3.4297
3.3931
3.3786
3.5286
3.3414
3.7268
3.6457
3.7064
3.7268
3.444
3.5147
3.4942
3.5987
3.5638
3.4648
3.5976
3.5007
3.6931
3.6798
3.8051
3.7136
3.7721
3.7721
3.3851
3.3333
3.2436
3.3333
3.2819
3.457
3.2956
3.3839
3.457
3.3468
3.47
3.0287
3.2036
2.8257
3.2944
2.9707
3.1246
2.9871
3.1798
3.0856
3.0697
2.8525
2.8682
2.7635
2.8682
2.8083
3.0273
2.8682
2.9283
3.0273
3.1402
3.0684
3.0448
2.945
3.0035
2.9283
2.9283
2.8243
2.8853
2.8682
3.0856
3.0684
3.1402
3.0684
3.1798
3.1088
3.1402
2.9707
3.0448
3.0124
3.1798
3.1488
2.9871
2.9541
2.843
2.8083
2.7358
2.4913
2.4607
2.4205
2.5093
2.5394
2.607
2.5882
2.6715
2.7635
2.9283
2.5216
2.7358
2.4205
2.459
2.1611
2.6243
2.2721
2.3342
1.9936
2.3131
2.2721
2.5077
2.3984
2.3342
2.3474
2.6429
2.4699
2.7344
2.8083
2.9436
2.6345
2.7797
2.45
2.7164
2.636
2.6715
2.3474
2.5093
2.1383
2.2384
2.1383
2.439
2.079
2.5093
2.1611
2.5093
2.2402
2.5093
2.1611
2.5778
2.1025
2.5288
1.8922
2.2818
2.1025
2.459
2.2936
2.7358
2.4205
2.6715
2.4001
2.7178
2.2182
2.607
2.3796
2.673
2.5216
2.4913
2.5691
2.4205
2.6173
2.2721
2.2504
2.0771
1.8128
1.9043
1.6692
1.5925
1.9319
1.9298
2.018
2.018
1.8661
1.8922
2.1025
2.1837
2.1025
2.2936
2.3682
2.5394
2.607
2.6546
2.7193
2.5882
2.5882
2.7012
2.7012
2.6745
2.6086
2.5618
2.6561
2.7208
2.8098
2.7027
2.972
2.8539
3.0138
2.8539
2.972
2.7027
2.871
2.7027
2.8272
2.5913
2.7649
3.0138
3.2036
3.3186
3.2807
3.3186
3.2424
3.4789
3.4063
3.5627
3.3694
3.4789
3.4063
3.6322
3.3919
3.4648
3.3919
3.4648
3.4285
3.4648
3.3919
3.4285
3.3919
3.3038
3.2657
3.3038
3.2657
3.3414
3.3038
3.4285
3.3919
3.4648
3.4285
3.3038
3.3919
3.3038
3.3919
3.2272
3.0943
3.2272
3.2272
3.2657
3.3919
3.0943
3.3548
3.2657
3.3919
3.3173
3.3548
3.2657
3.2657
3.3548
3.2657
3.212
3.1345
3.1728
3.1345
2.896
3.0124
2.9129
3.0537
3.1882
3.1882
3.2795
3.2411
3.3173
3.2795
3.2411
2.9541
2.9541
3.093
3.0697
2.9115
2.7826
2.6997
2.4913
2.6345
2.5021
2.3796
2.3265
1.9936
2.1383
1.9936
2.079
1.8901
1.727
1.6231
1.727
1.7246
1.727
1.4609
1.7551
1.3365
0.97273
1.3365
1.0219
0.77337
1.5756
1.5441
1.8227
1.8901
2.0897
2.1819
2.2818
2.3149
2.4093
2.3149
2.4093
2.2384
2.3149
2.2384
2.3889
2.3682
2.5793
2.7193
2.7373
2.7193
2.7373
2.7193
2.7826
2.7649
2.9297
2.9129
3.0697
2.9555
3.0697
2.9555
3.2036
2.9975
3.2424
3.0956
3.2807
3.2285
3.2807
3.3706
3.2807
3.493
3.4063
3.6112
3.5274
3.6112
3.4063
3.6112
3.4063
3.6112
3.4063
3.692
3.3694
3.7257
3.4063
3.692
3.2424
3.5627
3.1882
3.212
3.0537
2.9811
2.8696
3.1345
3.1101
2.9811
3.0287
3.0784
3.0697
3.0784
3.1246
2.9961
2.9283
2.6173
2.7635
2.636
2.8853
2.896
2.9871
3.0537
3.1798
3.1728
3.2944
3.3548
3.47
3.2272
3.2944
3.1728
3.2795
3.1728
3.3839
3.2657
3.2575
3.2424
3.2575
3.1101
2.9297
3.0287
2.8867
2.9871
2.673
3.0273
2.6258
2.9283
2.3889
2.6715
2.2818
2.3889
2.1487
2.3377
2.3682
2.5587
2.1837
2.5778
2.3682
2.9036
2.607
3.3023
2.8696
3.1952
2.9374
2.8853
2.7277
2.6055
2.52
2.0553
1.8639
2.0553
1.8639
2.018
1.9551
2.2164
2.1593
1.9298
2.0422
1.3951
1.727
1.3951
1.6231
1.2642
1.5756
1.4298
1.3365
1.4637
1.6824
1.5781
1.5756
1.5781
1.6824
1.906
2.1714
2.1149
2.2818
2.305
2.5967
2.5497
2.6444
2.5304
2.7094
2.5983
2.6644
2.4821
2.5983
2.23
1.6554
1.3395
1.9298
1.512
1.9551
2.0771
2.4188
2.3665
2.6715
2.653
2.8243
2.7178
2.8682
2.5394
2.653
2.52
2.6815
2.5691
2.636
2.4516
2.4018
2.5707
1.8661
1.5925
1.6231
1.6231
1.727
1.727
1.8516
1.8516
1.9434
1.8516
2.0897
2.0046
2.0897
1.9159
2.1238
2.0402
2.2602
2.1819
2.336
2.336
2.4607
2.4406
2.6258
2.607
2.8257
2.7012
2.9707
2.8525
2.9707
2.8525
2.9707
2.7012
2.8257
2.541
2.8257
2.541
2.8257
2.6546
2.9283
2.6546
2.8257
2.7012
2.7812
2.8525
2.8257
2.8525
2.9283
2.541
2.8257
2.7012
2.9283
2.8083
2.7812
2.7178
2.6898
2.4913
2.5778
2.5587
2.5288
2.4406
2.5778
2.3889
2.8416
2.4406
2.6898
2.5587
2.6898
2.5587
2.7358
2.7178
2.7797
2.8682
2.9858
2.9115
3.0273
2.7635
2.8853
2.8083
2.9283
2.8083
2.9283
2.9541
2.9283
2.9961
2.9707
2.9541
2.9283
2.8525
3.0684
2.9541
3.0523
2.636
2.4699
2.636
2.52
2.4205
2.4205
2.2402
2.2402
2.2402
2.2953
2.2402
2.4205
2.4205
2.4205
2.3682
2.5394
2.1837
2.3682
2.1257
1.8922
2.1611
3.3186
3.6652
3.9331
3.5689
3.8447
3.7185
3.6248
3.435
3.5082
3.348
3.6248
3.2956
3.493
3.4712
3.7851
3.7053
3.8633
3.7053
3.8308
3.5413
3.444
3.4712
3.2819
3.4712
3.2669
3.6725
3.5776
3.8945
3.7732
4.0563
3.7268
3.7389
3.5913
3.7053
3.5776
3.5765
3.5776
3.6383
3.6736
3.6931
3.7862
3.6591
3.6394
3.818
3.5286
3.7851
3.493
3.7981
3.493
3.2506
3.1882
3.1332
2.7471
2.7112
2.8098
2.6173
2.7664
2.5516
2.4732
2.7012
2.6845
3.1895
2.7923
3.0375
2.7732
2.7732
2.8352
3.0375
3.1101
2.9961
3.055
2.9388
2.9555
2.9555
3.0389
2.9975
3.1895
3.1882
3.0797
3.0784
3.2285
3.2657
3.2285
3.1741
3.055
3.0389
2.8112
2.9402
2.9975
2.7746
2.8525
2.7112
2.7746
2.4824
3.1728
2.4516
3.1882
2.5707
2.9129
2.2739
2.7649
2.3492
2.7826
2.4001
2.7012
2.1383
2.7649
2.4516
2.8272
2.541
2.8272
2.541
2.9129
2.4516
2.8539
2.3492
3.0537
2.4716
2.9975
2.683
3.0697
2.8525
3.2436
2.8352
3.0537
2.7908
3.055
2.683
3.0943
2.7908
3.0943
2.8367
3.3186
3.0784
3.4063
3.1586
3.4428
2.9811
3.2272
2.6662
2.9811
2.9235
3.1741
2.9811
3.1501
3.1188
3.2807
3.0227
3.1501
2.9811
3.2424
2.8367
3.2424
2.7012
3.0537
2.7923
3.1501
2.9961
3.4918
3.1188
3.3414
4.253
3.9839
4.4025
4.3525
4.099
3.8051
3.8945
3.6798
3.8819
3.7591
3.8496
3.7591
3.8496
3.6798
3.7257
3.6798
3.7257
3.6798
3.7257
3.6798
3.7591
3.7591
3.7922
3.7922
3.7922
3.7922
3.825
3.7591
3.7136
3.6322
3.5987
3.5638
3.4801
3.4789
3.5638
3.5274
3.6798
3.692
3.7591
4.1165
4.0936
4.0936
3.9458
4.0629
3.9024
3.8819
3.825
3.914
3.825
3.8379
3.9458
3.914
3.914
3.825
3.9458
3.7004
3.9458
3.7136
3.914
3.7136
3.8051
3.6124
3.6798
3.6124
3.8062
3.7064
3.9706
3.7064
3.8955
3.5563
3.4075
3.2436
2.879
2.879
2.2504
2.55
2.1735
2.2721
2.4516
2.5882
2.5216
2.607
2.541
2.3166
2.2953
2.1025
1.7704
1.9298
1.6983
1.6983
1.727
1.825
1.5467
2.0067
1.7574
2.0916
1.5467
1.6848
1.6848
1.918
1.918
1.918
1.6089
2.1487
2.1149
2.4313
2.305
2.305
2.2282
2.1505
2.1505
2.0569
1.8801
2.033
2.1505
2.3586
2.3569
2.4607
2.336
2.5394
2.5093
2.6715
2.7358
2.8867
2.9616
3.1402
2.8162
2.963
2.7552
3.0035
2.7552
2.8867
2.8257
2.843
3.0287
2.9464
3.3105
3.3252
3.348
3.2874
3.4712
3.4492
3.3851
3.3252
3.2956
3.2189
3.3186
3.2424
2.9707
2.9115
2.4716
2.4699
2.4699
2.5866
2.2384
2.653
2.5587
2.9283
2.7358
3.1246
2.843
3.0697
3.1798
3.1488
3.1088
3.0943
3.1643
3.0537
3.2036
3.1895
3.0697
2.9129
2.3813
2.3282
2.1735
2.5021
2.196
2.4516
2.196
2.4716
2.2182
2.2182
1.9298
2.0422
1.8901
1.98
0.97273
0.97273
0.77337
1.653
1.5756
2.3569
1.8516
2.3569
2.0661
2.336
2.018
2.0661
1.727
1.9159
1.5441
1.653
1.3365
1.7551
1.6824
2.4805
2.2042
2.6629
2.4789
2.7906
2.5481
2.835
2.5288
2.7094
2.5288
2.963
2.7987
3.1015
2.7987
3.0622
2.6913
3.0462
2.7552
2.8445
2.4607
2.5602
2.4607
2.5602
2.8002
2.9885
3.0448
3.2189
3.2117
3.3252
2.963
3.0287
2.5304
2.673
2.5983
2.8867
2.5109
2.9297
3.0048
3.3626
3.4993
3.6383
3.791
3.8876
3.778
3.6383
3.4853
3.6038
3.5701
3.7196
3.5701
3.9196
3.6858
3.8308
3.876
3.9514
3.7327
3.7981
3.5701
3.5689
3.5349
3.4853
3.414
3.6383
3.811
4.0253
3.9942
4.0131
3.9942
3.8945
3.8876
3.7851
3.778
3.5425
3.8866
3.6112
3.8099
3.8379
3.7317
3.7389
3.9071
3.8945
4.0253
4.0131
4.0131
3.8496
4.0563
3.9706
4.0442
3.9582
4.0009
3.8819
4.0563
3.8051
3.9706
3.8051
4.075
3.8051
4.075
3.8051
4.1055
3.8379
4.1359
3.8703
4.1359
3.8379
3.9896
3.8051
3.8379
3.6457
3.7136
4.0563
3.8379
4.2698
3.8703
4.2698
3.8703
4.2698
3.9773
4.3671
4.0086
4.3956
4.0397
4.3956
4.0397
4.3956
4.0397
4.3956
4.5079
4.5288
4.5079
4.3956
4.4801
4.2876
4.3455
4.1467
4.3455
4.1467
4.3455
4.1467
4.3166
4.032
4.3956
3.914
4.2583
3.8819
4.2289
3.914
4.086
4.0009
4.086
4.0009
4.086
4.0009
4.086
4.0009
4.086
3.8819
4.0553
3.8496
4.1693
3.8496
4.1693
3.8496
4.1693
3.8496
4.1693
3.8169
4.0243
3.7841
3.8739
3.6237
3.7509
3.4559
3.589
3.4195
3.589
3.4195
3.589
3.4195
2.7537
2.5288
2.5288
2.2818
2.2818
2.0046
2.2264
1.9413
1.9413
2.0046
1.6824
2.1257
2.9115
2.5778
3.47
3.4559
3.2944
3.2036
3.2424
3.2712
3.2036
3.2807
3.3321
3.2807
3.507
3.444
3.493
3.8308
3.457
3.6725
3.3919
3.7257
3.3414
3.692
3.0784
3.4918
3.1188
3.4918
3.1882
3.3694
3.0375
3.457
3.4207
3.4063
3.0375
3.2807
3.0943
3.2272
2.5216
3.1088
3.2189
3.2036
3.6174
3.435
3.6506
3.5198
3.765
3.4712
3.47
3.1259
3.0697
3.1501
3.1811
3.3839
3.3626
3.4712
3.6038
3.5901
3.6383
3.457
3.4712
3.3333
3.2956
3.0138
2.972
2.8539
3.071
3.2807
3.4712
3.4063
3.6038
3.4918
3.6372
3.5274
3.7185
3.4918
3.6372
3.2272
3.4195
2.9797
3.3468
3.0784
3.3839
3.2506
3.7123
3.9648
3.8238
4.0385
3.9012
4.0934
3.7661
4.1658
3.7981
3.9771
3.4853
3.9023
3.414
3.7469
3.521
3.7469
3.6038
3.9331
3.7185
3.9207
3.7185
3.8633
3.797
3.9071
3.6506
3.7064
3.3092
3.457
3.2562
3.4219
3.3972
3.507
3.47
3.5913
3.6506
3.6725
3.6372
3.818
3.7639
3.7851
3.3972
3.2272
2.9693
2.9115
2.8682
1.8805
1.1611
1.512
0.83439
0.59
0.59
0.83439
0.59
0.59
0.59
0.59
0.59
0.59
1.1992
1.1992
1.2394
1.3727
1.2394
1.3727
1.0219
1.18
1.0219
1.0219
0.83439
0.59
0.59
1.0219
1.0219
1.0219
1.0219
1.4452
1.7113
1.9932
1.8102
1.9039
1.8102
1.9685
1.5292
1.6391
1.6688
1.6391
1.7421
1.6391
1.77
1.6391
1.8393
1.9685
1.3727
1.4941
0.59
0.59
0.59
0.59
0.83439
0.83439
1.18
1.18
1.4109
1.2816
1.4109
1.4109
1.1377
1.1377
1.1377
1.5756
1.5756
1.8227
1.9159
2.1238
2.2818
2.336
2.336
2.336
2.336
2.3149
2.3149
2.3889
2.3889
2.4406
2.262
2.4406
2.262
2.1837
2.1837
1.8922
1.8922
1.825
1.727
1.825
1.825
1.9821
1.9159
1.98
2.1238
2.2602
2.5077
2.7797
2.4789
2.5571
2.3342
2.439
2.3872
2.439
2.5077
2.6055
2.7164
2.8853
2.7797
2.8682
2.8853
3.0684
3.0273
3.0684
2.8853
2.8682
2.8682
2.9707
3.0684
3.1088
3.0684
3.1088
3.0684
3.1088
3.0684
3.1088
3.1088
3.1882
3.1488
3.2272
3.1882
3.2272
3.1882
3.3548
3.3173
3.3548
3.3548
3.3919
3.3919
3.3919
3.3919
3.2657
3.2657
3.1741
3.3038
3.1741
3.3038
3.2657
3.3919
3.3919
3.4285
3.3919
3.2657
3.2657
3.1741
3.2657
3.1345
3.1345
3.1345
3.2272
2.9388
3.1332
3.9695
3.8169
3.7389
3.692
3.8169
3.658
3.5413
3.3694
2.5021
2.1153
2.2522
2.1735
2.3796
2.196
2.4516
2.196
2.541
2.079
2.4001
2.079
2.4205
2.1025
2.1611
1.6983
2.079
1.6983
2.1383
1.8922
2.079
1.8922
2.1611
1.8922
2.02
1.6231
1.7979
1.653
1.8922
1.7551
1.8901
1.2427
1.825
1.6089
2.0897
1.7829
1.8495
1.8227
2.3032
2.2818
2.4076
2.1238
1.9159
1.98
2.2042
2.2061
2.2061
2.0067
1.918
1.918
1.825
2.1837
2.0422
2.0422
2.0422
2.0422
2.1257
2.2602
2.2602
2.2384
2.3889
2.5587
2.5587
2.5394
2.6997
2.6345
2.6997
2.8083
2.8083
2.8525
2.8946
2.879
3.0375
3.0784
3.1728
3.0784
3.1728
3.0784
3.1728
3.0784
3.1728
3.0784
3.1728
3.0784
3.1728
3.0784
3.1728
3.0784
3.0375
2.9388
2.896
2.7923
2.7923
2.7923
2.9388
2.896
3.0784
3.0375
3.212
3.0375
3.0624
2.879
2.1942
1.5441
1.6231
1.427
1.5441
1.5441
1.9551
1.8901
2.439
2.439
2.3665
2.1238
2.1238
1.7551
1.653
1.2427
1.0479
0.77337
0.97273
0.97273
1.3756
1.5441
1.5756
1.8227
1.9159
2.2042
2.2264
2.4076
2.2264
2.2818
2.2818
2.0897
2.2818
1.9159
1.98
1.8516
1.8516
1.7137
1.8801
2.031
2.031
2.1714
2.2282
2.1714
2.5288
2.6898
2.8416
2.8416
2.8416
2.6898
2.6898
2.7358
2.7358
2.7358
2.7358
2.7812
2.7812
2.9707
2.9283
3.0124
2.9707
3.1488
3.1088
3.2795
3.2411
3.3173
3.2411
3.3173
3.2411
3.3173
3.2411
3.3173
3.2411
3.3173
3.2411
3.3173
3.2411
3.3173
3.2411
3.3173
3.2411
3.3173
3.2411
3.3173
3.2411
3.3173
3.2411
3.3173
3.2411
3.1882
3.1088
3.0537
2.9707
2.9129
2.8257
2.8696
2.7358
2.8682
2.6715
2.8069
2.5571
2.5866
2.5378
2.5866
2.5378
2.5866
2.5571
2.3457
2.4881
2.4188
2.5762
2.2918
2.0641
2.1238
1.7528
1.7246
1.8495
1.7246
1.7528
1.8495
1.9413
1.8495
2.029
2.113
2.113
2.2718
2.1938
2.3776
2.2718
2.1714
2.2718
2.2179
2.3163
2.2399
2.3163
2.1852
2.2635
2.2076
2.2076
2.2635
2.1852
2.1852
2.295
2.1399
2.4218
2.5213
2.8095
2.3279
2.9126
2.4313
2.7469
2.5983
2.835
2.5793
2.9795
2.8617
3.1172
3.0048
3.2492
3.0856
3.4271
3.2189
3.5476
3.3468
3.6641
3.3468
3.4841
3.2944
3.4841
3.3468
3.4841
3.3839
3.5337
3.435
3.4841
3.435
3.4492
3.4853
3.435
3.6038
3.5059
3.5552
3.5413
3.6714
3.5901
3.6383
3.3186
3.7053
3.1895
3.6725
3.2669
3.8623
3.4428
4.032
3.5976
3.9695
3.5627
3.818
3.356
3.8945
3.356
3.7721
3.3038
3.6112
3.2506
3.5765
3.1586
3.7851
3.3038
3.8298
3.3414
3.8426
3.2272
3.4207
2.8974
3.3252
3.2189
3.1656
2.8083
2.8083
2.9283
2.8696
2.7812
2.673
2.6258
2.4406
2.673
2.7552
3.1558
3.2117
3.3023
3.5774
3.1015
3.4646
2.843
3.0622
2.905
3.0225
2.8002
2.6475
2.7566
3.0387
3.3412
3.7529
3.3704
3.7989
3.5838
3.5986
3.4492
3.2517
3.1823
3.1041
3.2737
3.1823
3.2737
3.1272
3.4362
3.8701
3.9456
3.76
3.7672
4.0027
4.0264
4.0824
4.1303
4.3359
4.184
4.3811
4.1009
4.0713
3.8447
4.1487
3.4942
4.2317
3.5436
3.9716
3.4582
3.941
3.0956
3.7075
3.3851
3.606
3.1656
3.4008
2.7471
3.2436
2.871
3.4723
2.9898
3.4864
3.1041
3.1272
3.0475
2.7664
2.931
2.8725
2.8098
2.7027
3.0138
2.5913
2.9734
3.1823
3.1114
3.4799
3.4516
3.5986
3.76
3.536
4.0339
3.2214
3.5838
3.1823
3.1114
2.4035
2.7471
2.2522
2.2953
2.5426
2.6546
2.4221
2.7552
2.5618
2.7552
2.2638
2.7729
2.2079
2.4805
2.3166
2.5497
2.3377
2.3793
2.5018
2.5689
2.4513
2.5002
2.3793
2.4296
2.2501
2.068
2.305
2.2079
2.3998
2.4127
2.6373
2.1168
2.068
2.1168
1.8538
2.0916
1.5467
1.7137
1.3395
1.2427
1.4637
1.4968
1.4298
1.6848
1.7293
1.918
1.9841
1.8922
1.9319
1.9821
2.081
1.9821
2.4221
2.3906
2.4732
2.6745
2.8725
3.1584
3.1285
3.4438
3.5648
3.6734
3.7611
3.9215
3.8838
4.0282
4.1376
4.2316
4.3871
4.5803
4.4547
4.5588
4.6768
4.65
4.6768
4.5647
4.6289
4.4335
4.4488
4.4996
4.2443
4.4996
4.4206
4.592
4.4215
4.5822
4.4659
4.5056
4.5155
4.6249
4.4276
4.7723
4.4549
4.647
4.2799
4.7984
4.1689
4.6249
3.9927
4.3605
4.0049
4.2904
4.1204
4.2031
4.1441
4.0472
4.09
4.1615
4.2031
3.942
3.941
3.8976
3.7743
3.5512
3.627
3.565
3.305
3.238
3.3198
3.1992
3.3718
3.4812
3.4582
3.1754
3.4362
3.0402
3.2048
2.9235
3.1501
2.6662
3.2737
2.6845
3.1259
2.8367
3.1656
2.8804
3.2353
2.9568
3.0869
2.6662
2.931
2.5037
2.8881
2.5037
3.071
2.5913
3.03
2.7223
2.9555
2.7664
2.8098
2.6745
2.5602
2.02
2.541
1.8661
2.6086
2.1837
2.4716
2.262
2.541
2.4913
2.4205
2.3166
2.4913
2.37
2.6745
2.6086
2.7193
2.8098
2.7635
2.9734
2.636
3.0956
2.7012
2.8804
2.6376
2.6477
2.4516
2.8804
2.5216
2.6189
2.7012
2.7761
2.4716
2.5812
2.6546
2.4332
2.3265
2.3606
2.1153
2.2303
2.2303
2.3282
2.2522
2.6189
2.6189
2.4332
3.0389
2.5232
2.6173
2.1754
2.4516
1.7141
2.2953
1.8805
1.9064
1.9956
2.079
1.9956
2.02
2.2182
2.2936
1.564
2.2061
1.564
1.3024
1.7007
1.6554
1.6255
2.3586
2.4423
2.9386
3.0225
3.3849
3.3929
3.3184
3.2737
3.4426
3.0314
3.2504
2.9747
3.1584
2.917
3.1028
3.1127
3.5145
3.3504
3.4295
3.6196
3.1751
3.3277
3.1441
3.1285
3.3929
3.0736
3.1823
2.9596
3.1272
3.231
3.2214
3.2074
3.7469
3.3504
3.6674
3.7075
3.9476
3.9524
4.2263
4.2549
4.4326
4.4428
4.4215
4.5745
4.5155
4.5471
4.8069
4.6386
4.6703
4.654
4.4929
4.7075
4.6866
4.7187
4.9035
4.9488
5.092
4.6444
4.9389
4.6922
4.9043
4.843
4.9641
4.8281
5.0832
4.843
5.1305
4.9198
4.8835
4.919
5.1549
5.1409
5.2552
4.7508
5.2882
5.1409
4.9443
5.0044
5.2645
5.0052
5.2074
4.9106
5.1061
4.777
4.8218
4.5921
4.8826
4.5157
4.7856
4.449
4.5738
4.3134
4.3639
4.2032
4.8367
4.3536
4.7123
4.5097
4.7745
4.2265
4.6752
4.4036
4.453
4.7388
4.3176
4.7066
4.1477
4.5405
4.087
4.4077
3.9829
4.253
3.9952
4.4188
4.2708
4.3904
4.3104
4.253
4.2118
4.2118
4.1821
3.9321
3.752
3.698
3.698
3.698
3.6038
3.6774
3.4841
3.4982
3.1643
3.5326
3.4338
3.3602
3.3092
3.6433
3.5963
3.7839
3.4492
3.8168
3.4646
3.7123
3.3614
3.1259
2.9297
3.0956
3.03
3.0151
2.8895
2.9324
3.2353
3.4373
3.3784
3.6331
3.5145
3.6405
3.6663
3.6405
3.6663
3.7338
3.536
4.0217
3.3345
3.8897
3.4087
3.9534
3.5309
4.076
3.7613
4.0769
3.9285
4.0219
3.8713
4.0825
4.1075
4.3071
4.0955
4.4929
4.2612
4.6067
4.5255
4.5688
4.5629
4.6817
4.6009
4.8421
4.7017
4.9035
4.7902
5.0569
4.654
4.9389
4.78
4.7603
4.6329
4.7339
4.6549
4.6444
4.6549
4.5422
4.4206
4.1732
4.1009
3.8976
3.8457
3.5586
3.1908
3.2449
3.2449
3.2061
3.1114
3.275
3.1669
3.1597
3.1428
3.1597
2.8002
3.0795
2.6745
2.5109
2.5109
2.3906
2.5304
2.3906
2.5983
2.3586
2.4093
1.8516
2.0067
1.878
1.8516
1.878
1.8516
1.6064
1.878
1.8102
1.7113
1.9932
1.8102
1.8102
1.561
1.77
1.6688
1.561
1.8393
1.77
2.055
1.9932
2.3471
1.878
2.5879
2.1714
2.305
2.305
2.5704
2.0661
2.4313
1.825
2.3586
1.918
2.4329
1.8922
2.5034
2.0442
2.4329
2.1856
2.7304
2.3184
2.7566
2.6561
3.1028
2.7471
3.3105
3.0943
3.6038
3.2285
3.5701
3.1741
3.4504
3.1754
3.2061
2.9824
2.9143
2.9659
2.8974
3.1754
3.1741
3.3345
3.1501
3.4723
3.055
3.3638
3.055
2.8272
2.9734
2.8881
2.9555
3.071
3.1895
3.4504
3.5913
3.8249
3.877
3.7661
3.941
3.9023
4.0152
4.0516
4.2558
4.0944
4.5096
4.4648
4.4987
4.623
4.8273
4.6969
4.9334
4.8577
4.8475
4.6336
5.0374
4.8217
5.1634
5.0718
5.12
4.9686
5.2348
4.8374
5.2916
4.9243
5.2594
5.1607
5.2594
5.299
5.4216
5.4732
5.3803
5.442
5.3344
5.4099
5.3344
5.3643
5.5301
5.3544
5.3386
5.1417
5.4578
5.1173
5.033
5.0248
4.878
4.7975
5.0912
4.6987
4.7649
4.4276
4.6386
4.3596
4.5736
4.2904
4.6107
4.2895
4.6637
4.1487
4.4851
4.1477
4.4077
4.5296
4.502
4.5396
4.3577
4.299
4.1477
4.1885
4.1055
4.1885
4.075
4.1585
4.075
4.1885
4.1768
4.3166
4.1768
4.2876
4.1768
4.2876
4.1768
4.2876
4.1467
4.1467
4.1467
4.0009
4.0009
3.9695
3.8819
3.8496
3.8496
3.7389
3.6112
3.5286
3.493
3.2132
3.2132
3.1188
3.0784
3.0214
2.8619
2.4626
2.3589
2.3589
1.8805
1.9298
1.7425
1.6231
1.4298
1.3395
1.1377
0.97273
0.97273
0.97273
1.1377
1.0219
1.1377
1.18
1.2816
1.18
1.4109
1.3193
1.6391
1.4452
1.561
1.561
1.6688
1.3193
1.18
1.3193
1.3193
1.6688
1.4452
1.561
1.3193
1.561
1.561
1.561
1.8102
1.561
1.5292
1.561
1.5292
1.8102
1.8124
1.8124
2.3793
2.2519
3.0534
3.1099
3.2805
3.3849
3.3704
3.1355
3.3035
3.2667
3.3424
3.3424
3.6796
3.5145
3.7013
3.6342
3.9342
3.9023
3.9476
3.9159
3.748
3.748
3.5383
3.5521
3.7218
3.748
3.654
3.7349
3.654
3.6869
3.7207
3.7672
3.8447
3.7327
3.9962
3.8259
3.9524
3.9962
4.1713
4.0703
4.4308
4.4197
4.6646
4.5902
4.8624
4.5902
4.7743
4.7179
4.7641
4.7546
4.8256
4.9488
5.0276
5.1253
5.2578
5.1591
5.3236
5.3379
5.457
5.3152
5.4578
5.1928
5.5342
5.3704
5.6799
5.627
5.6886
5.7184
5.4348
5.5824
5.362
5.457
5.4488
5.2967
5.0585
5.0232
4.9641
4.7967
4.9534
4.7236
4.9534
4.4701
4.7114
4.4027
4.6108
4.4027
4.5836
4.5079
4.5836
4.4801
4.4801
4.3455
4.2771
4.166
4.1359
4.033
4.033
4.1477
3.9706
3.9275
3.9514
4.0563
3.9389
4.0442
3.9265
4.0553
3.9819
3.752
3.765
3.5689
3.4853
3.5476
3.435
3.4982
3.435
3.3984
3.3839
3.2944
3.2795
3.0523
3.093
3.0523
2.9541
3.0111
2.7908
2.7635
2.8525
2.8083
2.8525
2.9707
2.7178
2.7178
2.7812
2.7178
2.8853
2.945
2.945
3.0035
3.0448
3.0609
2.9036
3.0048
2.8002
2.8176
2.8176
2.7109
2.6459
2.5983
2.5983
2.7566
2.8191
2.9808
2.9218
3.0225
2.9643
2.9808
2.9643
2.8802
2.8631
3.0635
3.0475
3.1977
3.1823
3.3265
3.3117
3.4504
3.4362
3.6049
3.5563
3.7196
3.6725
3.8308
3.7851
3.9389
3.9265
4.0442
4.0009
4.1467
4.032
4.1467
4.032
4.1467
4.032
4.1467
4.032
4.1467
4.032
4.2876
4.032
4.2876
4.032
4.2876
4.032
4.2876
4.032
4.2876
4.032
4.2876
4.032
4.2876
4.032
4.2876
4.032
4.2876
4.0009
4.2876
4.0009
4.2583
3.9695
4.2289
4.0009
4.1992
4.032
4.1992
3.9265
4.098
3.818
3.9942
3.7851
3.9942
3.8623
4.0674
3.9695
4.1393
3.906
4.1393
3.906
3.9617
3.8088
3.7306
3.6027
3.5326
3.3972
3.47
3.3321
3.3827
3.0684
2.7812
2.6546
2.607
2.7178
2.4897
2.459
2.6444
2.9205
2.8867
2.7552
2.843
2.6629
2.7987
2.5497
2.4805
2.1149
2.0916
2.5018
2.068
2.8176
2.5778
2.8773
2.6715
3.1015
2.9283
3.1952
2.9283
3.1015
2.9707
3.2341
2.9115
3.1798
2.896
3.2411
2.896
3.2023
3.0375
3.2562
3.1882
3.3972
2.9555
3.1246
3.0375
3.2023
2.9811
3.1088
2.683
2.8853
2.8367
2.9871
3.0943
3.2328
2.9975
3.1402
3.2272
3.2328
3.0784
2.945
2.879
2.8416
2.9388
2.945
2.7746
2.945
2.879
3.0843
3.2506
3.2176
3.2272
3.2328
3.0784
3.3092
3.0537
3.3456
2.8083
2.9115
2.52
2.8511
2.1006
2.52
1.2642
1.512
1.512
1.3395
1.4298
1.3395
1.727
1.918
1.7551
1.5781
1.4609
1.3756
1.18
1.5292
1.0219
1.2816
1.0219
1.3193
1.3193
1.8102
1.6064
1.8102
1.6064
2.029
1.8495
2.2264
2.0641
2.2818
2.1238
2.2818
2.1238
2.1487
1.98
1.9434
1.4109
1.878
1.7551
1.7851
1.7551
2.0897
1.825
2.0897
1.825
2.2264
1.825
2.2264
1.825
2.2264
1.825
2.2264
1.825
2.2264
1.825
2.2264
1.7979
2.653
2.2504
2.4188
1.9688
1.8374
1.9043
1.8374
1.9936
2.018
2.1025
2.0422
2.3682
2.3889
2.5587
2.5093
2.4188
2.3665
2.4188
2.4897
2.2936
2.3149
2.1837
2.262
2.2079
2.23
2.2638
2.23
2.3906
2.5793
2.5602
2.6913
2.673
2.843
2.7812
2.6913
2.5109
2.3586
2.3377
2.23
2.2079
2.1732
2.1505
2.23
2.1856
2.5304
2.4205
2.5587
2.5587
2.4699
2.653
2.52
2.762
2.6715
2.8243
2.7987
2.9022
2.7537
2.439
2.336
2.2602
2.2818
2.1006
2.1819
2.1819
2.459
2.5778
2.8602
2.8853
3.0435
3.0435
3.0035
2.8853
2.945
2.8243
2.9283
2.9283
3.0448
2.9871
3.0856
3.0287
3.2189
3.1643
3.2189
3.1643
3.2189
3.1643
3.2189
3.1643
3.2189
3.2036
3.3468
3.3321
3.47
3.3694
3.47
3.3694
3.47
3.3694
3.47
3.2424
3.3468
3.2424
3.3468
3.1501
3.3468
3.2424
3.4338
3.3694
3.554
3.3321
3.4338
3.2036
3.0684
2.9871
2.7178
2.607
2.439
2.607
2.4076
2.7635
2.6243
3.0523
2.8839
3.0523
2.7797
2.9115
2.7797
2.8946
2.762
2.9541
2.8243
2.9961
2.7178
2.9961
2.7178
2.7012
2.5587
2.6546
2.5093
2.8083
2.6715
2.9115
2.6243
2.9115
2.6243
2.7457
2.3872
2.5394
2.1468
2.3682
2.2042
2.607
2.4076
2.7635
2.6243
3.0523
2.9269
2.9693
3.0124
3.1088
2.9374
3.0523
2.9374
3.1643
2.9961
3.1488
3.0943
3.3321
3.1882
3.3321
3.5689
3.4207
3.3984
3.4207
3.3614
3.3839
3.3614
3.4207
3.3984
3.457
3.435
3.493
3.4712
3.493
3.4712
3.493
3.4712
3.5286
3.5901
3.6457
3.7053
3.6798
3.8169
3.7922
3.8169
3.7922
3.8169
3.6798
3.7053
3.6798
3.5901
3.5638
3.4712
3.3931
3.3839
3.4789
3.3321
3.3931
3.4195
3.4428
3.589
3.6112
3.554
3.6714
3.1643
3.1882
2.9707
3.0537
2.8083
2.6647
2.45
2.5691
2.52
2.9129
2.8083
3.1643
3.0287
3.3468
3.1798
3.1643
2.8257
2.8257
2.4699
2.4001
2.1942
1.7141
1.6692
1.9709
1.8396
2.1153
2.018
2.3796
2.3682
2.636
2.607
2.6546
2.6258
2.3474
2.2936
2.2402
1.6206
1.427
0.92092
0.92092
0.92092
1.2026
1.2026
1.4609
1.5756
1.6824
1.3193
1.6064
1.4452
1.3193
1.3193
1.18
1.18
1.0219
1.18
1.0219
1.18
1.18
1.3193
1.1377
1.18
1.18
0.83439
1.0219
0.83439
1.0219
1.0219
1.18
1.3193
1.4452
1.3193
1.3193
1.3193
1.4452
1.3193
1.3193
1.0219
1.18
1.18
1.3193
1.4452
1.5292
1.5292
1.7829
1.4968
1.4637
1.7979
1.6983
1.6983
1.512
1.5441
1.5441
1.6824
1.5756
1.7113
1.4941
1.18
1.18
1.3193
1.4941
1.18
1.0219
0.59
1.0219
1.2816
1.6064
1.3756
1.3727
1.5441
1.8495
2.2282
2.3776
2.2602
2.4076
2.3149
2.5288
2.4607
2.6629
2.3682
2.5778
2.262
2.4805
2.2854
2.6644
2.4623
2.8176
2.5793
2.9205
2.7373
3.0048
2.8867
3.0048
2.8867
3.0462
2.8867
3.1415
2.8867
3.1811
2.9297
3.3105
3.1101
3.435
3.2424
3.5552
3.2424
3.5552
3.3694
3.6714
3.4918
3.7841
3.4918
3.7841
3.4918
3.7841
3.4918
3.7841
3.4918
3.7841
3.4918
3.7841
3.4918
3.7841
3.4918
3.7841
3.4918
3.7841
3.4918
3.7841
3.4918
3.7841
3.4918
3.7841
3.4559
3.6237
3.4195
3.6237
3.4195
3.6237
3.4195
3.6237
3.4195
3.6237
3.4195
3.6237
3.4195
3.6237
3.4195
3.6237
3.4195
3.6237
3.4195
3.6237
3.4195
3.6237
3.4195
3.6237
3.4195
3.589
3.2411
3.554
3.2411
3.554
3.1088
3.1246
2.2818
2.4789
2.2818
2.4789
2.2264
2.2264
2.0046
1.9413
2.0046
1.9413
1.7551
2.0661
2.9269
2.9115
2.6815
2.5005
2.2936
2.45
2.1593
1.9936
1.8901
1.9298
1.9551
2.1364
2.2602
2.2384
2.2602
2.3149
2.4296
2.5304
2.068
2.2061
2.1837
2.3889
2.262
2.4093
2.2061
2.4607
2.2836
2.7094
2.5002
2.8176
2.4093
2.5793
2.1487
2.3377
1.918
2.3166
2.0661
2.0661
1.918
1.918
2.1487
2.336
2.1487
2.4805
2.4296
2.5967
2.2282
2.3569
2.0422
2.459
2.5093
2.8416
2.8682
3.2328
3.1798
3.1798
3.0697
3.2874
3.1415
3.1571
2.8867
2.9205
2.3682
2.37
2.541
2.4716
2.4205
2.4205
2.4205
2.4913
2.5109
2.411
2.3377
2.411
2.5793
2.5602
2.2402
2.018
1.7704
1.6692
1.9319
2.1383
2.541
2.636
2.8272
2.7649
2.7826
2.7471
2.8272
2.8539
2.7208
2.9221
2.7471
2.8193
2.8539
2.9402
2.9734
3.1201
3.2436
3.1345
3.2436
3.0389
3.1513
3.1741
3.2819
3.0389
3.1114
3.0389
3.0956
2.7761
3.0956
2.7746
2.9388
2.7292
2.9975
2.7471
2.9555
2.7292
3.1101
2.8098
3.2189
2.8525
3.2036
2.9975
3.2036
2.9797
3.3321
3.0624
3.3173
3.0784
3.4207
3.2132
3.5765
3.3038
3.5413
3.2132
3.457
3.3414
3.5765
3.3414
3.5765
3.3414
3.5765
3.3414
3.5413
3.3414
3.5413
3.3038
3.5059
3.2657
3.3694
2.9811
3.2424
2.9221
3.0537
2.8619
2.9961
2.6462
3.0523
2.7732
3.2411
3.0375
3.4338
3.1882
3.4195
3.2272
3.4338
3.0537
3.1246
2.8352
3.0684
2.896
3.1643
3.0943
3.2944
2.9975
3.1101
2.9555
3.0124
2.7471
2.7457
2.4716
2.4188
2.2182
2.5394
2.636
2.9707
2.8257
3.0697
2.8696
2.972
2.8696
2.8696
2.6546
2.7012
2.636
2.7012
2.8525
2.9975
3.0943
3.3706
3.3186
3.3706
3.3186
3.4712
3.457
3.4712
3.457
3.4712
3.457
3.4712
3.457
3.4712
3.457
3.4712
3.457
3.4712
3.457
3.435
3.4207
3.2575
3.1501
3.1643
3.2424
2.9129
3.0537
2.9115
2.9541
2.9115
3.0124
2.8682
2.9283
2.8853
3.0684
3.0435
3.2712
3.0435
3.2176
3.1233
3.2562
3.2176
3.2562
3.163
3.2411
3.0684
3.1643
2.9871
3.2575
3.0287
3.3839
3.2562
3.47
3.3827
3.47
3.3827
3.47
3.3827
3.4338
3.3827
3.3468
3.2562
3.3468
3.2944
3.3839
3.4195
3.6714
3.2036
3.1882
2.7457
3.0375
2.6815
2.7732
2.6815
2.7732
2.7277
2.896
2.9541
3.0537
3.093
3.0697
3.1246
3.1643
2.9115
2.9541
2.9707
3.1088
3.0684
3.2424
3.1488
3.2036
3.2712
3.2048
3.2725
3.6174
3.4993
3.3252
3.414
3.3626
3.5349
3.4853
3.5349
3.4853
3.5349
3.4853
3.5349
3.4853
3.5349
3.4853
3.5349
3.4853
3.6518
3.6038
3.765
3.7185
3.875
3.8298
3.9819
3.9379
4.086
3.9695
4.086
3.9695
4.086
3.9695
4.086
3.9695
4.086
3.9695
4.086
3.9695
4.086
3.9695
4.086
3.9379
3.9695
3.7841
3.9695
3.6237
3.8169
3.4918
3.658
3.4559
3.4918
3.4195
3.4559
3.4195
3.4559
3.4195
3.4559
3.4559
3.4559
3.4559
3.4559
3.4559
3.4559
3.4559
3.4559
3.4195
3.4195
3.4195
3.4195
3.4195
3.4195
3.4195
3.4195
3.4195
3.4195
3.4195
3.4195
3.4195
3.4195
3.4195
3.4195
3.4195
3.4195
3.4195
3.4195
3.4195
3.1088
3.2411
3.2023
3.2411
3.0111
2.336
3.0523
3.0684
3.1728
3.2023
2.9541
2.4789
2.1257
3.0375
3.3321
3.1728
3.2795
2.9961
2.9374
1.727
1.0219
0.83439
0.83439
0.83439
0.59
0.59
0.59
0.59
0.83439
0.83439
0.59
1.0219
1.18
1.3193
1.18
1.3193
1.18
1.3193
1.3193
1.0219
1.0219
1.18
0.83439
1.2816
1.0219
1.18
1.18
1.7421
1.8102
1.7113
1.8102
1.3193
1.561
1.4452
1.561
1.3193
1.3193
1.3193
1.4452
1.8102
1.6688
1.8102
1.9039
2.029
2.1714
2.0661
2.4093
2.459
2.6258
2.7178
2.7812
2.7178
2.8257
2.8525
2.8696
2.8525
2.7649
2.8083
2.7649
2.6546
2.6086
2.607
2.6086
2.541
2.7193
2.9541
3.0124
2.8525
2.9707
2.9115
3.1088
2.9961
3.1088
3.0523
3.0684
3.0375
3.1488
3.093
3.1088
3.0375
3.1882
3.1332
3.2795
3.0375
3.1882
3.1728
3.3173
3.0375
3.1332
2.8352
2.9374
2.6173
2.7277
2.5005
2.6815
2.5691
2.6815
2.52
2.6997
2.5394
2.7635
2.5587
2.7812
2.3889
2.7178
2.3889
2.8682
2.4897
3.0111
2.653
3.0523
2.9283
3.0111
2.7178
2.8682
2.4406
2.972
2.9464
2.931
2.9205
2.905
2.7552
2.8445
2.6913
2.5602
2.6444
2.8002
2.8602
2.9464
2.8773
2.9036
2.8602
3.0462
3.414
3.3412
3.414
3.3265
3.2956
3.6309
3.521
3.6652
3.5563
3.8238
3.753
3.9002
3.8308
4.0064
3.8308
4.0064
3.8308
4.0064
3.8308
4.0064
3.8308
4.0064
3.8308
4.0064
3.8633
4.1099
3.8633
4.1099
3.9706
4.1099
4.0019
4.1402
4.1055
4.2405
4.2066
4.3384
4.2066
4.3384
4.2066
4.3384
4.1768
4.3095
4.075
4.2405
4.1768
4.3384
4.1768
4.3384
4.1768
4.2405
4.1768
4.2405
4.1768
4.2405
4.1768
4.3095
4.1768
4.3384
4.1768
4.3095
4.1768
4.3384
4.1768
4.3095
4.1768
4.2405
4.1467
4.1992
4.1768
4.1693
4.1467
4.0553
4.1165
3.9695
3.9695
3.8169
4.086
3.692
4.1165
3.5976
4.032
3.6322
3.8819
3.6322
3.7257
3.6322
3.7257
3.6322
3.692
3.5976
3.658
3.5627
3.5627
3.4285
3.4285
3.2506
3.3919
3.212
3.212
3.3173
3.2657
3.4207
3.493
3.6931
3.7053
3.5765
3.6237
3.5274
3.7053
3.6237
3.7509
3.4918
3.658
3.4195
3.4559
3.6372
3.1488
2.8946
2.9115
2.7277
2.8696
2.9374
3.1088
3.093
3.2944
3.3321
3.4338
3.1488
3.2411
2.7457
2.6997
2.3265
2.3984
1.8374
2.1364
1.9298
2.3457
2.1593
1.8639
1.7246
1.512
1.8227
1.427
1.7528
1.0937
1.1377
0.77337
0.83439
0.83439
0.59
0.59
1.0219
1.0219
1.0219
0.83439
0.83439
0.83439
1.0219
1.18
1.18
1.6064
1.4941
1.8495
1.9413
2.1468
2.1468
2.2818
2.4296
2.3569
2.2818
2.2602
2.336
2.336
2.4093
2.5793
2.5793
2.7826
2.5793
2.6273
2.3377
2.3166
2.068
2.0442
1.7704
1.6231
1.512
1.6231
1.6231
1.5441
1.6231
1.8901
2.0422
2.0402
1.9551
2.0046
1.825
1.9159
1.9551
2.2042
2.2164
2.1819
2.1593
2.2384
2.0422
1.727
1.6231
1.7551
1.7551
1.8516
1.918
2.031
2.4093
2.4805
2.6444
2.5967
2.5288
2.3569
2.1487
2.1487
2.0661
2.1487
2.1487
2.0661
2.031
1.9821
1.878
2.2602
2.336
2.3682
2.5481
2.3889
2.6629
2.5109
3.036
2.9036
3.036
2.7812
2.9616
2.8257
3.0198
2.8257
3.0609
2.9297
3.1172
3.0462
3.3917
3.2737
3.6309
3.521
3.7448
3.5563
3.7448
3.6858
3.7448
3.6858
3.7448
3.6858
3.7448
3.6518
3.6174
3.4853
3.6174
3.4853
3.6174
3.6038
3.7317
3.7185
3.8426
3.8298
3.9504
3.9379
4.0553
3.9695
4.0553
3.9695
4.0553
3.9695
4.0553
3.9695
4.0553
3.9695
4.0553
3.9695
3.9504
3.8169
3.797
3.658
3.6027
3.5413
3.6836
3.6714
3.7306
3.7185
3.7437
3.3984
3.5337
3.2189
3.4116
3.2712
3.324
3.0843
3.1389
3.0273
3.0273
2.9283
3.1389
2.9283
3.0435
2.9871
3.0596
3.1015
3.1558
3.1246
2.9436
2.8853
2.7344
2.3665
2.18
2.2366
2.18
2.3131
2.3342
2.459
2.5288
2.5288
2.6429
2.4805
2.6155
2.4607
2.459
2.5109
2.6898
2.6258
2.459
2.3889
2.2602
2.2061
2.0067
1.6848
1.6089
1.7137
1.5781
1.6848
1.2816
1.4968
1.2427
1.918
2.0046
2.2061
1.8102
1.7829
1.878
1.7113
1.8495
1.6064
1.3727
1.3727
1.3727
1.8495
2.2042
2.2264
2.3032
2.2818
2.4805
2.4296
2.4093
2.2042
2.0897
1.2026
1.653
1.4637
1.5756
1.2026
0.92092
0.97273
1.1992
1.1377
0.97273
0.77337
0.70711
1.5756
1.5756
1.1377
0.97273
1.5756
1.4109
1.6824
1.2427
1.3756
0.83439
0.83439
0.83439
0.83439
0.83439
0.59
0.83439
0.59
1.0219
0.83439
0.83439
0.59
1.2394
0.83439
1.18
1.0219
1.3727
1.2394
1.9413
2.029
2.3032
1.978
2.2042
2.1238
2.2818
2.1238
2.336
2.1819
2.2282
2.0661
2.2519
2.3889
2.4313
2.3889
2.5497
2.336
2.5497
2.2061
2.3793
2.1487
2.1957
2.1487
2.3262
2.0897
2.3262
1.9434
2.6629
2.2818
2.7094
2.5093
2.9191
2.6243
3.0035
2.7635
3.1939
3.0111
3.4338
2.9541
3.483
2.9541
3.4338
2.9961
3.5187
3.1332
3.4338
3.1332
3.554
3.1332
3.554
3.1332
3.4338
3.1332
3.4338
3.1332
3.4338
3.1332
3.5187
3.1332
3.554
3.1332
3.5187
2.9961
3.4338
2.8525
3.2712
2.7012
3.1798
2.8083
3.3972
2.9541
3.5187
3.0523
3.5187
3.093
3.5187
3.0523
3.5187
2.9541
3.3972
2.9541
3.4338
2.9961
3.554
3.1332
3.554
3.1332
3.554
3.1332
3.554
3.1332
3.554
3.1332
3.3827
2.9797
3.0684
2.3682
2.4789
2.0661
3.0111
2.2264
1.9413
1.9413
1.7551
3.1728
4.0253
4.033
4.1585
4.1055
4.2583
4.2066
4.3166
4.2066
4.3166
4.2066
4.3166
4.2066
4.3166
4.2066
4.2876
4.2066
4.1467
4.2876
4.0009
4.2583
4.0009
4.2583
4.0009
4.3384
3.8496
4.2289
3.8496
4.086
3.9695
3.9379
3.8169
3.7841
3.8169
3.7841
3.692
3.5059
3.2807
3.2036
2.9555
3.0697
2.8525
2.9707
2.8525
2.9707
2.8525
2.8682
2.7635
2.8243
2.653
2.7164
2.4881
2.5077
2.3872
2.5762
2.459
2.3872
2.3872
2.3342
2.2042
2.1468
2.3872
2.3342
2.6243
2.4789
2.6243
2.4789
2.7987
2.6629
2.8162
2.5288
2.5481
2.4805
2.4296
2.1957
2.1938
2.295
2.2736
2.3489
2.0197
2.3998
2.1732
2.381
2.3067
2.3279
2.2519
2.5704
2.7109
2.9386
2.835
3.1172
2.963
3.34
3.1571
3.1952
2.9205
3.1015
2.9036
3.34
3.2492
3.5826
3.5337
3.9186
3.7639
3.8099
3.6506
3.698
3.5337
3.4492
3.2725
3.2341
3.3984
3.3984
3.5198
3.4841
3.5337
3.5337
3.4128
3.5337
3.3387
3.324
3.1952
3.4841
3.1952
3.4338
3.2712
3.6027
3.6162
3.7509
3.6969
3.7306
3.6969
3.8298
3.7306
3.8739
3.6162
3.7841
3.6027
3.797
3.5337
3.6372
3.6162
3.797
3.7639
3.797
3.8088
3.8739
3.8739
3.906
3.6969
3.7639
3.4841
3.6372
3.3092
3.2562
3.1246
3.0684
3.4338
3.3456
3.3456
3.3972
3.3972
3.3839
3.3972
3.3321
3.1246
2.8352
3.1101
2.7112
1.98
1.3922
1.5925
1.4792
1.8374
1.6959
1.6959
1.3922
1.7956
1.427
1.427
0.97273
1.1377
1.1377
0.59
0.59
0
0
0.83439
1.0219
1.4941
1.6064
1.8495
2.029
2.029
1.9413
1.6824
1.5756
1.6824
1.2427
1.653
1.1377
1.3756
1.3756
1.6089
1.7829
2.2282
2.1714
2.4296
2.3032
2.6629
2.3776
2.6629
2.2818
2.5288
2.459
2.6913
2.6258
2.7552
2.6258
2.8445
2.7373
2.905
2.7373
2.905
2.8867
2.905
2.8867
3.0048
2.9871
3.1415
2.9297
3.0448
2.7812
3.0287
2.7635
2.8853
2.6055
2.843
2.5587
3.0609
2.843
3.1952
3.0448
3.5476
3.1402
3.5678
3.3092
3.6372
3.2411
3.6027
3.2944
3.6714
3.3839
3.765
3.435
3.765
3.4712
3.9071
3.5901
3.9071
3.5901
3.9071
3.6248
3.9071
3.6248
3.9071
3.6248
3.7981
3.4207
3.6847
3.2956
3.6847
3.2956
3.6847
3.3105
3.7639
3.435
3.875
3.5552
3.906
3.6714
3.9819
3.6237
3.8298
3.4559
3.7841
3.5413
4.098
3.5413
4.0674
3.4207
3.797
3.356
3.9389
3.5765
3.6591
3.4789
3.2807
3.2807
3.0943
2.9811
3.1656
2.636
3.1101
2.5897
3.2036
2.8525
3.3839
3.1259
3.3984
3.1246
2.8696
2.7812
3.0856
2.7826
3.0287
2.8083
3.1246
3.0537
3.3839
3.2436
3.5198
3.2436
3.435
3.2436
3.3984
3.1114
3.3105
3.2436
3.3984
3.3706
3.3105
3.3333
3.2725
3.4075
3.3984
3.3706
3.4841
3.2819
3.5198
3.4075
3.6714
3.4075
3.2575
2.9143
2.9297
2.8098
2.7649
2.9555
2.8257
2.6546
2.5587
2.5882
2.5394
2.6997
2.653
2.607
2.7178
2.8257
2.9871
2.8867
2.9283
2.8257
2.8867
2.9297
2.8257
2.9115
2.9115
3.093
3.1088
3.2036
3.2036
3.2424
3.3321
3.3694
3.3321
3.2424
3.2036
3.1501
3.1101
2.9555
3.0537
2.9129
3.0537
3.0124
3.1488
3.1088
3.1488
3.1246
2.9707
2.8682
2.636
2.653
2.3474
2.3682
2.3474
2.607
2.636
2.9707
2.6546
2.9283
2.8083
3.0684
2.9115
3.0684
2.9115
2.9693
2.8069
3.0111
2.8069
2.9283
2.6715
2.8083
3.4712
3.4504
3.2048
3.3626
3.3851
3.3996
3.3186
3.1811
3.0943
3.0869
2.9811
2.963
2.9555
2.8617
2.9143
3.1015
3.055
3.2341
3.1501
3.5614
3.2807
3.4271
3.4712
3.4982
3.6248
3.5198
3.818
3.5552
3.4789
3.7053
3.7732
3.7721
3.8506
3.7257
3.6665
3.7591
3.6322
3.7591
3.6665
3.7257
3.6665
3.7257
3.5851
3.692
3.6665
3.692
3.5007
3.5627
3.5007
3.6322
4.2813
3.8829
4.4681
3.8051
4.5611
3.7922
4.4732
3.9458
4.435
3.9773
4.2876
3.9458
4.1467
3.914
4.0131
3.8051
4.0442
3.8051
4.0131
3.6931
3.9071
3.7721
4.0442
3.8051
4.0131
3.7389
4.0131
3.5286
3.752
3.5552
3.6383
3.5901
3.8623
3.7841
3.9379
3.7389
3.8623
3.8169
3.7053
3.5413
3.692
3.5552
4.0375
3.797
4.0684
4.0804
3.9695
4.0684
3.9819
4.2937
3.8945
3.9071
3.7851
3.5425
3.5552
3.5413
3.6518
3.3333
3.5901
3.457
3.6248
3.7661
3.9638
3.6725
3.9952
3.6591
3.765
3.493
3.811
3.4075
4.0814
3.7075
4.1119
4.184
4.1957
4.5736
4.4699
4.5629
4.6386
4.6386
4.7489
4.5902
4.6386
4.4479
4.9326
4.7179
4.6751
4.7658
4.4809
4.6759
4.6483
4.5096
4.6328
4.4699
4.7846
4.4699
4.7949
4.3749
4.9776
4.4699
5.0755
4.4086
4.9472
4.2602
4.4571
3.8644
2.948
2.1735
1.8374
1.4792
1.3922
1.4792
1.3922
1.4792
1.2993
1.427
1.427
1.7956
1.7246
1.9159
1.5756
1.6824
1.6824
1.7551
1.653
1.9159
1.9159
2.0661
1.98
2.0661
2.0661
2.2061
2.2061
2.4805
2.336
2.2836
2.1257
1.7137
1.6554
1.9434
1.918
1.9685
2.2061
2.138
2.4805
2.5002
2.6444
2.6155
2.6444
2.5497
2.4607
2.5778
2.607
2.843
2.8257
3.1015
3.1259
3.2725
3.3839
3.5198
3.4207
3.5198
3.4207
3.5198
3.4207
3.5198
3.3839
3.5198
3.3839
3.5198
3.2575
3.3984
3.2575
3.3984
3.2575
3.4841
3.3468
3.5198
3.4207
3.6027
3.5059
3.7174
3.658
3.7509
3.6237
3.6372
3.5413
3.6714
3.658
3.7841
